0 0.153111 0.046250 0.043111 0.046500
0 0.134444 0.119500 0.080444 0.049500
0 0.239333 0.119000 0.088444 0.062500
0 0.314667 0.152750 0.072889 0.052000
0 0.393778 0.063125 0.036444 0.030250
0 0.451111 0.101500 0.079111 0.055000
0 0.592444 0.041750 0.093333 0.083000
0 0.487333 0.165500 0.068000 0.090000
0 0.401556 0.165000 0.063556 0.059500
0 0.211778 0.177000 0.063556 0.045000
0 0.278444 0.200625 0.052000 0.065250
0 0.244667 0.231500 0.043111 0.046000
0 0.410667 0.218625 0.047111 0.037250
0 0.602000 0.215375 0.058222 0.060750
0 0.523111 0.254000 0.050667 0.074500
0 0.656444 0.183750 0.090667 0.031000
0 0.672667 0.217250 0.076889 0.065000
0 0.700000 0.051000 0.081778 0.076500
0 0.715333 0.072875 0.074222 0.064750
0 0.762000 0.050875 0.041333 0.051750
0 0.885556 0.070125 0.115111 0.083750
0 0.890667 0.119250 0.115556 0.078500
0 0.746444 0.124250 0.036000 0.013500
0 0.725111 0.150500 0.082222 0.040500
0 0.486667 0.163875 0.068444 0.088250
0 0.878000 0.220625 0.058222 0.016250
0 0.760222 0.269500 0.052889 0.066500
0 0.814000 0.239750 0.080444 0.035000
0 0.205333 0.296125 0.055111 0.014250
0 0.282889 0.284500 0.097333 0.033000
0 0.373333 0.299250 0.043556 0.050500
0 0.296667 0.333125 0.058222 0.032750
0 0.179111 0.362375 0.067556 0.021750
0 0.235556 0.391500 0.031111 0.027000
0 0.366000 0.338500 0.059111 0.047000
0 0.475333 0.307375 0.046667 0.062750
0 0.590667 0.302125 0.041778 0.032750
0 0.687556 0.291250 0.038222 0.029000
0 0.776000 0.337500 0.088889 0.047500
0 0.886222 0.346125 0.033778 0.023750
0 0.621778 0.359500 0.104000 0.037500
0 0.616222 0.388000 0.072444 0.054000
0 0.712889 0.412500 0.080889 0.028000
0 0.760444 0.408625 0.022222 0.009750
0 0.805111 0.439375 0.093778 0.055750
0 0.845778 0.440875 0.027556 0.011250
0 0.521556 0.478750 0.059111 0.079000
0 0.606444 0.490750 0.060889 0.033000
0 0.708444 0.519000 0.090667 0.023500
0 0.792222 0.493375 0.088444 0.047250
0 0.710667 0.467500 0.064000 0.051500
0 0.710000 0.352875 0.076889 0.028750
0 0.876667 0.363250 0.036000 0.018000
0 0.884889 0.383250 0.070222 0.035000
0 0.148222 0.464125 0.096444 0.031250
0 0.382667 0.455875 0.045333 0.036250
0 0.280000 0.469625 0.065778 0.021250
0 0.313111 0.489000 0.051111 0.031000
0 0.212889 0.512000 0.021333 0.012000
0 0.415556 0.538250 0.095111 0.030000
0 0.499556 0.553625 0.060444 0.045250
0 0.184222 0.563875 0.038667 0.016750
0 0.320222 0.566875 0.053778 0.018750
0 0.458222 0.571750 0.031111 0.020000
0 0.338000 0.586500 0.041333 0.027500
0 0.376889 0.611375 0.047111 0.019250
0 0.151556 0.612125 0.076444 0.051250
0 0.258222 0.651625 0.052444 0.030750
0 0.216667 0.652250 0.041333 0.029500
0 0.317556 0.650750 0.060000 0.048000
0 0.292000 0.667750 0.021333 0.017500
0 0.425333 0.651250 0.059556 0.049500
0 0.468444 0.630000 0.042667 0.032000
0 0.573778 0.565375 0.032000 0.023250
0 0.616444 0.574250 0.024000 0.021500
0 0.677333 0.589250 0.046222 0.032500
0 0.611111 0.647250 0.063111 0.058500
0 0.675333 0.669000 0.083111 0.064000
0 0.761333 0.627625 0.059556 0.018750
0 0.794667 0.579750 0.101333 0.030000
0 0.792889 0.600250 0.087111 0.021500
0 0.825778 0.540500 0.091556 0.048000
0 0.859111 0.577750 0.036444 0.026000
0 0.895111 0.612250 0.019556 0.008500
0 0.867556 0.688625 0.047111 0.027750
0 0.814444 0.703875 0.054667 0.026750
0 0.662444 0.706000 0.112444 0.050500
0 0.672000 0.728125 0.027556 0.012250
0 0.904444 0.753375 0.056000 0.042250
0 0.606000 0.805625 0.080444 0.040750
0 0.478889 0.815500 0.010222 0.018000
0 0.366222 0.755625 0.061333 0.066750
0 0.245333 0.785250 0.087111 0.085000
0 0.162667 0.753000 0.067556 0.041500
0 0.150444 0.709750 0.060000 0.036500
0 0.207333 0.702875 0.033333 0.028250
0 0.262222 0.700250 0.041778 0.025000
0 0.484667 0.732875 0.040444 0.015750
0 0.500444 0.757375 0.054222 0.031250
0 0.567778 0.743625 0.035111 0.021250
0 0.767778 0.752500 0.044889 0.028500
0 0.883111 0.786250 0.018667 0.016000
0 0.827556 0.804125 0.102222 0.053250
0 0.805556 0.813125 0.071556 0.062750
0 0.684889 0.792750 0.021333 0.015000
0 0.689111 0.838750 0.028000 0.017500
0 0.337556 0.815500 0.071556 0.060500
0 0.208667 0.823250 0.076000 0.051500
0 0.151556 0.871125 0.072889 0.043250
0 0.299333 0.911250 0.010222 0.015000
0 0.418222 0.945125 0.059556 0.057250
0 0.493778 0.869875 0.085333 0.064750
0 0.501778 0.902750 0.052444 0.042500
0 0.507556 0.954125 0.062222 0.076250
0 0.674444 0.919500 0.020000 0.019000
0 0.815778 0.952625 0.131111 0.094750
0 0.806000 0.886875 0.058222 0.067750
0 0.883778 0.892000 0.060000 0.026500
0 0.901333 0.851375 0.075556 0.034750
0 0.753333 0.447250 0.074667 0.029500
0 0.314444 0.519750 0.011111 0.010500
0 0.466444 0.696250 0.044000 0.023000
0 0.504000 0.107125 0.046222 0.039750