0 0.324000 0.125875 0.008889 0.011250
0 0.400000 0.126125 0.023111 0.028250
0 0.517111 0.124750 0.037778 0.041500
0 0.620222 0.149625 0.045778 0.041250
0 0.758000 0.100000 0.012000 0.006500
0 0.863778 0.123875 0.015556 0.011250
0 0.870889 0.169250 0.045778 0.027000
0 0.852000 0.196625 0.049778 0.032750
0 0.767778 0.156625 0.043111 0.046250
0 0.711111 0.175000 0.057778 0.052500
0 0.762667 0.221625 0.016889 0.014250
0 0.890667 0.254875 0.042667 0.017750
0 0.329556 0.184500 0.009333 0.017500
0 0.224444 0.208250 0.008889 0.010000
0 0.321778 0.243125 0.016000 0.024250
0 0.224667 0.232375 0.013778 0.013250
0 0.176000 0.255000 0.008000 0.007000
0 0.396444 0.242125 0.032889 0.027750
0 0.419778 0.179875 0.026222 0.029750
0 0.510444 0.202000 0.028889 0.038500
0 0.612444 0.208375 0.033778 0.028250
0 0.664667 0.223625 0.071556 0.057750
0 0.784667 0.266875 0.039556 0.025750
0 0.846889 0.296875 0.030667 0.023750
0 0.783111 0.290125 0.031111 0.028750
0 0.736222 0.311875 0.050222 0.021250
0 0.581556 0.309250 0.031556 0.024000
0 0.488889 0.245125 0.020444 0.021750
0 0.586667 0.231875 0.012444 0.022750
0 0.218667 0.299625 0.008889 0.007250
0 0.366889 0.305000 0.017333 0.012500
0 0.485556 0.309250 0.023556 0.026000
0 0.220889 0.363875 0.011556 0.011750
0 0.285556 0.363000 0.012000 0.012500
0 0.398889 0.352750 0.020889 0.018500
0 0.425778 0.346125 0.014222 0.017250
0 0.542000 0.353375 0.021778 0.015750
0 0.620000 0.348375 0.028444 0.020750
0 0.718000 0.356625 0.042222 0.021250
0 0.795556 0.353500 0.058667 0.023000
0 0.868444 0.369125 0.057778 0.021250
0 0.850444 0.422750 0.037778 0.015000
0 0.672444 0.406250 0.042667 0.022000
0 0.493111 0.402125 0.015556 0.015750
0 0.313111 0.402375 0.009333 0.009750
0 0.302000 0.481500 0.020889 0.012000
0 0.419333 0.459875 0.014667 0.014750
0 0.536000 0.469375 0.022222 0.008250
0 0.582667 0.481500 0.011556 0.012000
0 0.706889 0.470375 0.027111 0.014250
0 0.762667 0.488000 0.048889 0.018500
0 0.801333 0.514125 0.103111 0.032250
0 0.885556 0.532250 0.013778 0.005000
0 0.291333 0.540625 0.012000 0.009250
0 0.396000 0.545500 0.019556 0.010500
0 0.532444 0.543375 0.011556 0.005250
0 0.620222 0.583875 0.024444 0.004750
0 0.668000 0.579375 0.032889 0.013750
0 0.689333 0.537500 0.040889 0.013500
0 0.897111 0.584000 0.107111 0.027000
0 0.810889 0.604125 0.061778 0.019750
0 0.902667 0.642125 0.048000 0.011750
0 0.820444 0.667250 0.059556 0.037500
0 0.894889 0.693250 0.076889 0.021000
0 0.722667 0.661500 0.063111 0.017500
0 0.611556 0.700750 0.037333 0.013000
0 0.696000 0.698125 0.032889 0.007750
0 0.636889 0.638750 0.020444 0.005000
0 0.625778 0.628625 0.014222 0.004750
0 0.403778 0.641500 0.023556 0.010500
0 0.505333 0.658875 0.009778 0.007250
0 0.310667 0.608250 0.010667 0.003500
0 0.414000 0.609250 0.012000 0.015500
0 0.396889 0.706000 0.015111 0.008000
0 0.248444 0.716125 0.022222 0.016250
0 0.279111 0.723250 0.045333 0.020500
0 0.518667 0.723875 0.020444 0.024250
0 0.608667 0.762875 0.008444 0.007250
0 0.727333 0.808000 0.051111 0.031500
0 0.822667 0.746000 0.050667 0.030500
0 0.913556 0.740875 0.056444 0.022250
0 0.881556 0.813125 0.053778 0.023750
0 0.914000 0.876625 0.034222 0.019250
0 0.830444 0.806625 0.065333 0.027750
0 0.876222 0.926625 0.032444 0.016250
0 0.824667 0.933500 0.028000 0.013000
0 0.641111 0.880875 0.012000 0.014750
0 0.496444 0.878375 0.024000 0.021250
0 0.428222 0.895750 0.009333 0.014000
0 0.394889 0.873000 0.010222 0.010500
0 0.292222 0.900000 0.013778 0.013500
0 0.315556 0.948125 0.007111 0.009250
0 0.320889 0.955750 0.008000 0.008500
0 0.184222 0.779375 0.021778 0.019250
0 0.345111 0.819750 0.016444 0.026000
0 0.411556 0.828750 0.016000 0.015000
0 0.544222 0.801375 0.017333 0.018250
0 0.534667 0.760500 0.021333 0.020000
0 0.311778 0.774625 0.008444 0.009750
0 0.429778 0.426250 0.010667 0.005500