0 0.111375 0.173778 0.012250 0.015111
0 0.158500 0.192000 0.039500 0.072889
0 0.251000 0.137111 0.035000 0.070667
0 0.263125 0.124889 0.028250 0.061333
0 0.301875 0.174000 0.017750 0.031556
0 0.320625 0.206000 0.029750 0.108889
0 0.365250 0.234667 0.026000 0.086222
0 0.423250 0.175333 0.025000 0.054667
0 0.474750 0.155556 0.047500 0.105778
0 0.524750 0.134000 0.024000 0.081333
0 0.538750 0.218444 0.025500 0.087556
0 0.587250 0.160889 0.019000 0.048000
0 0.629250 0.185333 0.009500 0.044444
0 0.671875 0.176889 0.020250 0.046222
0 0.724750 0.184000 0.015500 0.050667
0 0.773625 0.163111 0.023750 0.032000
0 0.783750 0.168667 0.027000 0.037778
0 0.828500 0.195333 0.026000 0.043111
0 0.865375 0.213333 0.011750 0.013333
0 0.870625 0.263778 0.037250 0.048444
0 0.840625 0.277556 0.047250 0.037778
0 0.799750 0.236889 0.033500 0.041778
0 0.641125 0.269556 0.037750 0.031556
0 0.707625 0.304444 0.062250 0.078222
0 0.741000 0.319556 0.052000 0.074667
0 0.783250 0.336667 0.038000 0.074222
0 0.818875 0.324889 0.025250 0.050667
0 0.905375 0.341333 0.046750 0.042667
0 0.867500 0.349333 0.040500 0.075556
0 0.822875 0.399111 0.076750 0.071111
0 0.699000 0.396667 0.026500 0.054667
0 0.632750 0.363556 0.033500 0.045333
0 0.603375 0.300222 0.028250 0.101778
0 0.593875 0.378000 0.040750 0.109778
0 0.625250 0.424667 0.032500 0.092000
0 0.571125 0.266667 0.012250 0.040889
0 0.458000 0.266222 0.014000 0.051556
0 0.417000 0.250444 0.006500 0.050222
0 0.106125 0.234889 0.038750 0.051111
0 0.204250 0.256667 0.025500 0.066222
0 0.170000 0.271111 0.031500 0.047111
0 0.262250 0.226000 0.042500 0.061778
0 0.060875 0.349111 0.086750 0.052000
0 0.227125 0.338444 0.060750 0.067111
0 0.292125 0.384444 0.053250 0.050667
0 0.311875 0.314889 0.020750 0.040444
0 0.370000 0.341556 0.031500 0.065333
0 0.408625 0.352222 0.054250 0.041333
0 0.395500 0.401556 0.059000 0.064444
0 0.496250 0.366889 0.014000 0.035111
0 0.533750 0.315333 0.018500 0.052889
0 0.534125 0.421333 0.027750 0.050667
0 0.507500 0.420222 0.027500 0.054667
0 0.503000 0.465778 0.042000 0.117333
0 0.685750 0.445333 0.025500 0.044444
0 0.717125 0.494444 0.055250 0.082222
0 0.751625 0.503556 0.046750 0.058667
0 0.787000 0.530222 0.035500 0.043556
0 0.858750 0.483556 0.042000 0.041778
0 0.908250 0.534667 0.034500 0.026667
0 0.824750 0.555556 0.077000 0.104000
0 0.916750 0.601778 0.029500 0.030222
0 0.915125 0.661333 0.039750 0.041778
0 0.865250 0.649111 0.048500 0.041333
0 0.893500 0.763111 0.067000 0.042667
0 0.917625 0.829778 0.022250 0.013333
0 0.819875 0.806000 0.029250 0.066222
0 0.774125 0.804889 0.054750 0.057778
0 0.807250 0.713556 0.031500 0.028000
0 0.766500 0.677556 0.047000 0.073333
0 0.702625 0.706000 0.027750 0.041333
0 0.675250 0.804000 0.025000 0.057778
0 0.656375 0.770444 0.039250 0.096444
0 0.609250 0.808000 0.024000 0.041778
0 0.586000 0.805111 0.017500 0.026222
0 0.559875 0.835556 0.065250 0.085333
0 0.597250 0.712000 0.016000 0.031111
0 0.668875 0.661111 0.028250 0.052000
0 0.704000 0.568222 0.043000 0.065333
0 0.667750 0.587333 0.033500 0.036889
0 0.646000 0.538444 0.021000 0.022667
0 0.592375 0.579778 0.020750 0.040444
0 0.542125 0.690444 0.029750 0.093778
0 0.474375 0.698000 0.027750 0.053778
0 0.532125 0.599111 0.013250 0.035556
0 0.464375 0.620444 0.013750 0.031111
0 0.439375 0.677333 0.007250 0.015111
0 0.421375 0.658667 0.011750 0.022222
0 0.403250 0.802444 0.027500 0.047556
0 0.377750 0.819778 0.025500 0.065333
0 0.301375 0.872667 0.036750 0.065333
0 0.350000 0.680889 0.026500 0.040889
0 0.317875 0.722444 0.022750 0.048444
0 0.174375 0.800444 0.036250 0.043556
0 0.116000 0.786889 0.055500 0.053778
0 0.077375 0.733333 0.028250 0.011556
0 0.067250 0.832667 0.010000 0.007556
0 0.182875 0.742000 0.044750 0.054667
0 0.297500 0.617556 0.008000 0.013778
0 0.214750 0.691333 0.058000 0.053778
0 0.257000 0.619556 0.026500 0.029333
0 0.127625 0.596889 0.021250 0.029333
0 0.072000 0.585333 0.040000 0.046222
0 0.063875 0.484667 0.053250 0.051111
0 0.180625 0.578000 0.051750 0.050222
0 0.081375 0.406222 0.048750 0.050667
0 0.103125 0.439778 0.047750 0.065333
0 0.167875 0.530000 0.056750 0.051111
0 0.126625 0.500222 0.045750 0.061778
0 0.198000 0.414222 0.041500 0.061333
0 0.234625 0.440222 0.045750 0.058222
0 0.343625 0.598444 0.063750 0.053778
0 0.419875 0.592444 0.035750 0.070222
0 0.428375 0.528667 0.052750 0.055556
0 0.359250 0.487333 0.044000 0.068000
0 0.317750 0.518222 0.018500 0.021333