0 0.170000 0.188000 0.017000 0.050667
0 0.301750 0.203333 0.026500 0.056444
0 0.359375 0.189778 0.022750 0.051556
0 0.390125 0.195333 0.022250 0.079556
0 0.443625 0.241111 0.030250 0.072444
0 0.471375 0.225333 0.018250 0.022222
0 0.529125 0.217111 0.005250 0.028889
0 0.589250 0.179778 0.020500 0.086667
0 0.614000 0.210444 0.021000 0.061778
0 0.637500 0.173778 0.020000 0.070222
0 0.674500 0.220444 0.023000 0.024000
0 0.697875 0.227111 0.041750 0.048889
0 0.666250 0.262444 0.020000 0.045778
0 0.634375 0.291333 0.016250 0.041333
0 0.534250 0.280000 0.017000 0.056000
0 0.743375 0.289111 0.051250 0.064444
0 0.749250 0.322000 0.029500 0.039556
0 0.828750 0.257556 0.038500 0.060000
0 0.871000 0.336222 0.020500 0.028889
0 0.799375 0.362000 0.036750 0.022667
0 0.767250 0.337111 0.012500 0.030667
0 0.702625 0.368889 0.022750 0.020444
0 0.632500 0.344222 0.016500 0.023556
0 0.539000 0.354000 0.025000 0.062667
0 0.550875 0.396667 0.035750 0.131111
0 0.487500 0.332222 0.020000 0.048444
0 0.398125 0.355556 0.024250 0.075556
0 0.360375 0.268667 0.023750 0.048444
0 0.396125 0.279111 0.031750 0.061333
0 0.420375 0.266889 0.025750 0.044000
0 0.257125 0.229556 0.026250 0.035111
0 0.285625 0.259556 0.029750 0.085333
0 0.129875 0.308222 0.068250 0.093778
0 0.194875 0.314222 0.022250 0.011556
0 0.344625 0.298000 0.016250 0.051111
0 0.333750 0.338444 0.063500 0.076889
0 0.309375 0.363556 0.047250 0.059556
0 0.300250 0.413333 0.013000 0.040000
0 0.599625 0.384667 0.021250 0.032444
0 0.700750 0.407556 0.035500 0.042667
0 0.757750 0.428889 0.064500 0.045333
0 0.797750 0.407778 0.025500 0.038667
0 0.789000 0.438222 0.026000 0.026667
0 0.840500 0.413778 0.051000 0.035556
0 0.886625 0.408889 0.047750 0.043556
0 0.679875 0.443556 0.013750 0.016000
0 0.647625 0.408667 0.016250 0.025333
0 0.616750 0.423333 0.051500 0.066222
0 0.726875 0.486000 0.020750 0.036889
0 0.872875 0.482444 0.027750 0.050222
0 0.847750 0.482889 0.075500 0.094667
0 0.905000 0.574444 0.064500 0.086667
0 0.907125 0.660444 0.077250 0.058667
0 0.923125 0.794889 0.046250 0.056444
0 0.876250 0.784000 0.092000 0.054222
0 0.772125 0.804889 0.060250 0.106667
0 0.751625 0.711111 0.021250 0.012444
0 0.720000 0.691333 0.050500 0.092000
0 0.715625 0.782000 0.020750 0.018222
0 0.653625 0.582667 0.029750 0.071111
0 0.679500 0.780222 0.057000 0.099111
0 0.608750 0.572667 0.034500 0.049333
0 0.586625 0.645333 0.055250 0.073778
0 0.586625 0.779778 0.053250 0.052889
0 0.552750 0.692222 0.034000 0.060000
0 0.493125 0.813778 0.026750 0.058667
0 0.429000 0.768889 0.079500 0.088000
0 0.377000 0.790444 0.025000 0.053778
0 0.687750 0.626000 0.013000 0.010222
0 0.641500 0.498222 0.014000 0.031111
0 0.523625 0.496889 0.015250 0.062222
0 0.239125 0.807333 0.036750 0.081333
0 0.282750 0.733333 0.033500 0.041778
0 0.224125 0.698222 0.045250 0.087111
0 0.166125 0.730667 0.045250 0.090667
0 0.113500 0.788667 0.042000 0.055556
0 0.130250 0.726667 0.041500 0.045333
0 0.135125 0.639111 0.051250 0.046222
0 0.270000 0.674889 0.039000 0.051111
0 0.354750 0.637333 0.044500 0.104889
0 0.377000 0.582000 0.033000 0.094667
0 0.397875 0.676444 0.027750 0.043556
0 0.452750 0.611778 0.018000 0.031556
0 0.465750 0.499333 0.032500 0.053778
0 0.214000 0.603778 0.016500 0.058222
0 0.239250 0.590667 0.034000 0.077333
0 0.274500 0.600889 0.023500 0.041778
0 0.343875 0.525778 0.013250 0.051556
0 0.204250 0.508222 0.035000 0.039556
0 0.243875 0.505333 0.037750 0.077333
0 0.286125 0.513111 0.056250 0.081333
0 0.332000 0.455333 0.033000 0.047556
0 0.319375 0.434000 0.011250 0.042222
0 0.278625 0.434222 0.028750 0.059556
0 0.238000 0.418444 0.060000 0.051111
0 0.387875 0.436444 0.029750 0.033778
0 0.407750 0.463333 0.025000 0.050222
0 0.201875 0.434444 0.063250 0.056444
0 0.207625 0.360444 0.044250 0.074667
0 0.117750 0.470889 0.073000 0.093778
0 0.441750 0.459111 0.025000 0.083556
0 0.464125 0.426000 0.037750 0.062667
0 0.849750 0.292222 0.011000 0.020000
0 0.820250 0.509333 0.032000 0.037333
0 0.814125 0.656222 0.062250 0.097333
0 0.857875 0.696000 0.044750 0.048000