0 0.180500 0.129111 0.060000 0.156889
0 0.210375 0.152667 0.058250 0.106222
0 0.330500 0.139111 0.041000 0.133333
0 0.372625 0.126444 0.030250 0.141778
0 0.413875 0.175333 0.064750 0.096444
0 0.470750 0.150444 0.037500 0.124000
0 0.534625 0.168889 0.027750 0.068444
0 0.528625 0.197778 0.044750 0.078222
0 0.582000 0.144889 0.023500 0.089778
0 0.672250 0.138667 0.026500 0.100444
0 0.596250 0.209111 0.033000 0.084000
0 0.625250 0.191556 0.029500 0.058667
0 0.734875 0.161778 0.070750 0.089778
0 0.806375 0.143333 0.043750 0.071556
0 0.874250 0.157111 0.065500 0.078667
0 0.796375 0.198000 0.012750 0.020889
0 0.891000 0.174222 0.018000 0.014222
0 0.917125 0.267778 0.055250 0.053778
0 0.882750 0.258667 0.061000 0.047111
0 0.849000 0.289333 0.092500 0.086222
0 0.805000 0.262000 0.032500 0.040444
0 0.761125 0.223556 0.038250 0.070222
0 0.718625 0.238667 0.046750 0.072000
0 0.621875 0.328667 0.020250 0.037778
0 0.746500 0.329556 0.066500 0.121333
0 0.694000 0.329556 0.042000 0.084889
0 0.582750 0.270222 0.018500 0.043556
0 0.560875 0.299111 0.023750 0.104000
0 0.536375 0.299778 0.035750 0.090222
0 0.471250 0.320667 0.033000 0.092000
0 0.443125 0.285111 0.046750 0.060889
0 0.379000 0.236000 0.032500 0.092444
0 0.306750 0.234222 0.041000 0.087111
0 0.381625 0.303556 0.057750 0.086222
0 0.327875 0.313556 0.038750 0.068000
0 0.236625 0.268889 0.027750 0.087111
0 0.174500 0.269111 0.049000 0.086667
0 0.217500 0.322000 0.049000 0.123111
0 0.282375 0.337556 0.037250 0.085778
0 0.155875 0.341556 0.082750 0.053778
0 0.141750 0.401556 0.092000 0.092889
0 0.194125 0.438222 0.064750 0.087111
0 0.280000 0.427333 0.039000 0.055556
0 0.259125 0.424000 0.022250 0.028444
0 0.343625 0.426889 0.012750 0.019111
0 0.401250 0.423556 0.032500 0.057778
0 0.375000 0.442889 0.027500 0.051111
0 0.546000 0.391778 0.027000 0.052889
0 0.588875 0.409556 0.027750 0.099111
0 0.639375 0.415556 0.036250 0.073778
0 0.709500 0.410889 0.016000 0.022667
0 0.691750 0.462444 0.035500 0.036889
0 0.735250 0.512000 0.025000 0.013333
0 0.850875 0.408667 0.053750 0.099111
0 0.844125 0.470000 0.051250 0.053778
0 0.938000 0.311556 0.072000 0.055111
0 0.907625 0.372667 0.071750 0.076889
0 0.922125 0.400444 0.027250 0.055111
0 0.938250 0.413333 0.043500 0.046222
0 0.890125 0.445556 0.055750 0.099111
0 0.918625 0.474667 0.050250 0.040889
0 0.919750 0.559556 0.101000 0.090667
0 0.951125 0.623778 0.060750 0.034222
0 0.949000 0.673111 0.081000 0.065333
0 0.923500 0.756667 0.032000 0.010222
0 0.851875 0.729556 0.048250 0.045778
0 0.891250 0.618889 0.052500 0.064444
0 0.850250 0.670000 0.065500 0.059111
0 0.801625 0.677111 0.040250 0.063556
0 0.805875 0.754667 0.034250 0.032889
0 0.737750 0.660000 0.028500 0.032889
0 0.747125 0.692000 0.037750 0.029333
0 0.705375 0.748889 0.044750 0.071111
0 0.740500 0.736667 0.025500 0.027111
0 0.646250 0.740889 0.035000 0.055111
0 0.604000 0.674889 0.034500 0.068000
0 0.684125 0.578667 0.029750 0.101333
0 0.593250 0.747778 0.015500 0.022667
0 0.749000 0.560222 0.043500 0.066222
0 0.788750 0.551778 0.058500 0.076000
0 0.813375 0.472222 0.096750 0.109778
0 0.796875 0.404889 0.069250 0.074667
0 0.553750 0.696889 0.033000 0.054222
0 0.539250 0.779333 0.024500 0.055556
0 0.472250 0.768444 0.017000 0.030222
0 0.423500 0.805333 0.024500 0.028444
0 0.435375 0.777778 0.009250 0.030222
0 0.472875 0.673778 0.030750 0.045333
0 0.431375 0.671333 0.032750 0.063556
0 0.376125 0.742889 0.029750 0.041333
0 0.329000 0.739111 0.022000 0.032000
0 0.162250 0.794444 0.049000 0.061778
0 0.226625 0.754667 0.036250 0.044444
0 0.151375 0.682889 0.070750 0.084000
0 0.221000 0.670667 0.053500 0.074667
0 0.260625 0.689333 0.035250 0.057778
0 0.332750 0.689778 0.026000 0.043556
0 0.372500 0.664000 0.026000 0.091556
0 0.622625 0.554000 0.014250 0.042222
0 0.532875 0.592889 0.022250 0.040889
0 0.522000 0.558000 0.018000 0.031556
0 0.539625 0.558444 0.023750 0.028889
0 0.584125 0.569556 0.034750 0.061778
0 0.594250 0.525778 0.037000 0.062222
0 0.619250 0.482444 0.038500 0.060000
0 0.477625 0.484667 0.040750 0.093778
0 0.478750 0.442444 0.009000 0.022667
0 0.401750 0.511778 0.011500 0.025333
0 0.424000 0.522000 0.032000 0.045778
0 0.439125 0.562889 0.039250 0.102667
0 0.518625 0.687333 0.030250 0.044889
0 0.153625 0.612889 0.069750 0.047111
0 0.191375 0.593556 0.070250 0.070667
0 0.254375 0.600667 0.051750 0.077778
0 0.356125 0.587111 0.022750 0.050667
0 0.384875 0.549778 0.064250 0.122667
0 0.331375 0.479556 0.061250 0.065778
0 0.334750 0.532222 0.035500 0.102667
0 0.279875 0.470667 0.039250 0.079111
0 0.257125 0.502222 0.046750 0.135111
0 0.197875 0.500000 0.090750 0.072889
0 0.146250 0.504667 0.063000 0.080444