0 0.112000 0.242889 0.055000 0.068889
0 0.195500 0.194000 0.011000 0.020000
0 0.229625 0.189778 0.011250 0.010667
0 0.282375 0.138889 0.024250 0.054667
0 0.241125 0.244889 0.013750 0.055111
0 0.284750 0.218444 0.023000 0.096444
0 0.333000 0.159111 0.015500 0.045333
0 0.328625 0.251556 0.016750 0.046222
0 0.412625 0.123778 0.045250 0.077778
0 0.390625 0.172889 0.016250 0.044444
0 0.465500 0.184667 0.024000 0.071556
0 0.489250 0.191333 0.019500 0.063556
0 0.524375 0.157333 0.019750 0.048889
0 0.582250 0.162444 0.035500 0.071556
0 0.624125 0.123333 0.035750 0.103556
0 0.654625 0.173778 0.020250 0.019556
0 0.711875 0.196667 0.025750 0.037778
0 0.747125 0.214222 0.012750 0.032000
0 0.848500 0.247111 0.040000 0.061333
0 0.675125 0.244000 0.016250 0.035556
0 0.625250 0.223556 0.024000 0.033778
0 0.481375 0.241778 0.029250 0.075556
0 0.414000 0.226222 0.022500 0.075556
0 0.373375 0.226889 0.041750 0.061778
0 0.088500 0.372000 0.104500 0.083556
0 0.221375 0.327111 0.031750 0.062222
0 0.183375 0.454000 0.007250 0.012889
0 0.207000 0.414000 0.038500 0.041333
0 0.244000 0.386222 0.098500 0.101333
0 0.332125 0.314000 0.022250 0.023556
0 0.329375 0.340222 0.048250 0.079556
0 0.381625 0.333778 0.042250 0.145778
0 0.378625 0.299111 0.040250 0.088889
0 0.449125 0.309556 0.022250 0.064444
0 0.433375 0.402000 0.066750 0.160444
0 0.511250 0.317778 0.022000 0.057778
0 0.527250 0.318222 0.024500 0.066667
0 0.553250 0.358444 0.026500 0.063556
0 0.571750 0.369556 0.023000 0.059111
0 0.671250 0.339556 0.018500 0.034667
0 0.718500 0.320667 0.035000 0.062667
0 0.789250 0.332889 0.067500 0.051556
0 0.788625 0.371778 0.060250 0.088444
0 0.891250 0.356889 0.091500 0.096000
0 0.886250 0.394444 0.075000 0.139111
0 0.825500 0.432444 0.049000 0.059556
0 0.797625 0.469778 0.030750 0.051556
0 0.727750 0.431111 0.045000 0.092444
0 0.601750 0.434667 0.057500 0.104000
0 0.542500 0.458222 0.022000 0.088889
0 0.502000 0.420889 0.072000 0.102222
0 0.501375 0.472000 0.039750 0.086222
0 0.467500 0.526444 0.059000 0.094667
0 0.345000 0.467556 0.017500 0.042667
0 0.107125 0.425111 0.078750 0.143556
0 0.638875 0.574222 0.020750 0.016889
0 0.570500 0.570000 0.026000 0.040444
0 0.492125 0.617111 0.026750 0.098222
0 0.530250 0.641111 0.032500 0.074222
0 0.567375 0.659556 0.038750 0.098667
0 0.579250 0.682667 0.010000 0.019556
0 0.645875 0.648889 0.033750 0.057778
0 0.670000 0.635333 0.030500 0.059111
0 0.722875 0.628889 0.015750 0.048000
0 0.738625 0.548889 0.012250 0.023111
0 0.788000 0.561556 0.035000 0.031556
0 0.885625 0.561333 0.028750 0.064000
0 0.869000 0.608667 0.076500 0.068889
0 0.770750 0.623778 0.018000 0.033333
0 0.852500 0.721333 0.052500 0.074667
0 0.736250 0.715556 0.029500 0.035556
0 0.686250 0.726444 0.030000 0.040444
0 0.491750 0.726000 0.035500 0.047556
0 0.424625 0.754667 0.024750 0.038222
0 0.402500 0.679111 0.014000 0.025778
0 0.429125 0.651778 0.033750 0.047556
0 0.410250 0.544889 0.090500 0.071111
0 0.402375 0.570222 0.015250 0.017778
0 0.348750 0.531778 0.038000 0.074222
0 0.331375 0.592222 0.066250 0.082222
0 0.294625 0.661111 0.055250 0.052889
0 0.272875 0.541111 0.020250 0.052000
0 0.259250 0.614889 0.038500 0.107111
0 0.221375 0.718889 0.063250 0.116000
0 0.148500 0.738889 0.069500 0.121333
0 0.093375 0.742667 0.050250 0.045333
0 0.193500 0.621778 0.072000 0.058667
0 0.128000 0.549333 0.042500 0.066667
0 0.183375 0.552889 0.090250 0.062222