0 0.148875 0.123556 0.040750 0.101333
0 0.197750 0.144222 0.039500 0.084889
0 0.250500 0.146222 0.025500 0.068444
0 0.273750 0.148889 0.029000 0.058667
0 0.336875 0.155111 0.026250 0.097778
0 0.352250 0.166889 0.039500 0.053778
0 0.425625 0.134000 0.022250 0.074222
0 0.415750 0.171556 0.024500 0.100444
0 0.470000 0.158667 0.006500 0.045333
0 0.509000 0.144222 0.020500 0.084889
0 0.538875 0.154222 0.030250 0.050667
0 0.570875 0.164889 0.016250 0.026667
0 0.601375 0.178889 0.025250 0.042222
0 0.638500 0.149556 0.034500 0.048444
0 0.669125 0.174444 0.018250 0.039556
0 0.729000 0.119333 0.030500 0.110667
0 0.773250 0.123778 0.033500 0.080444
0 0.811625 0.137111 0.044750 0.097333
0 0.817000 0.234667 0.036000 0.063111
0 0.835875 0.249111 0.073750 0.145333
0 0.780625 0.255778 0.023750 0.100000
0 0.716500 0.216444 0.060500 0.071111
0 0.715500 0.264222 0.052000 0.111556
0 0.748625 0.294444 0.034750 0.094667
0 0.659125 0.199778 0.036750 0.059111
0 0.624875 0.194667 0.028250 0.065778
0 0.654250 0.261333 0.023000 0.103111
0 0.626000 0.262889 0.053500 0.110667
0 0.557125 0.226000 0.034250 0.070667
0 0.519250 0.238000 0.022000 0.068889
0 0.543875 0.272889 0.036750 0.066667
0 0.492875 0.208222 0.022250 0.056444
0 0.470125 0.259111 0.048750 0.103111
0 0.412250 0.246444 0.029500 0.077778
0 0.392375 0.242444 0.006750 0.032444
0 0.362625 0.286444 0.037250 0.091111
0 0.337375 0.308889 0.068250 0.112000
0 0.353625 0.342222 0.019750 0.068444
0 0.276750 0.264667 0.033000 0.100889
0 0.256750 0.218444 0.019000 0.052889
0 0.217250 0.259556 0.048000 0.080889
0 0.184625 0.206444 0.043250 0.067111
0 0.164500 0.226222 0.026500 0.054222
0 0.131375 0.251333 0.057250 0.118667
0 0.152750 0.424000 0.082500 0.104889
0 0.175000 0.330444 0.051500 0.092000
0 0.126750 0.350444 0.077500 0.076889
0 0.134250 0.390000 0.060000 0.129333
0 0.231500 0.361111 0.041000 0.062667
0 0.279750 0.360889 0.026000 0.048000
0 0.422625 0.337778 0.019250 0.049778
0 0.432750 0.376222 0.051000 0.102667
0 0.477875 0.390000 0.035750 0.095556
0 0.509500 0.375333 0.024500 0.055556
0 0.589625 0.350444 0.022250 0.064444
0 0.663750 0.367333 0.029000 0.100889
0 0.714875 0.355111 0.034750 0.048000
0 0.773250 0.374000 0.018500 0.032444
0 0.842250 0.370222 0.057500 0.099556
0 0.780750 0.405556 0.042500 0.096444
0 0.760250 0.453111 0.031000 0.029778
0 0.738750 0.457111 0.027500 0.084000
0 0.707125 0.426444 0.041250 0.066222
0 0.473875 0.475333 0.023750 0.069778
0 0.572375 0.424222 0.025750 0.100000
0 0.514625 0.468667 0.047750 0.150667
0 0.369250 0.379111 0.044000 0.122667
0 0.344250 0.407333 0.014500 0.066222
0 0.265125 0.505111 0.038250 0.093778
0 0.235250 0.542889 0.031000 0.046667
0 0.223500 0.590000 0.031000 0.046667
0 0.130250 0.606000 0.096000 0.072444
0 0.208125 0.672222 0.040250 0.074222
0 0.148000 0.670667 0.070000 0.058667
0 0.124375 0.699778 0.035250 0.057333
0 0.315375 0.672444 0.043250 0.072000
0 0.331750 0.595333 0.045000 0.043111
0 0.314875 0.518444 0.018750 0.067111
0 0.343875 0.522000 0.049750 0.048444
0 0.420250 0.479111 0.035500 0.048000
0 0.428375 0.558889 0.044750 0.100000
0 0.444000 0.669111 0.013500 0.044000
0 0.484875 0.694444 0.045250 0.049333
0 0.516875 0.671111 0.013750 0.011556
0 0.487625 0.587556 0.039750 0.054222
0 0.536875 0.528444 0.053250 0.133333
0 0.580875 0.580222 0.053250 0.061778
0 0.615250 0.615111 0.059000 0.056000
0 0.591250 0.676889 0.021500 0.019556
0 0.744625 0.671778 0.060750 0.063556
0 0.823250 0.682889 0.044000 0.048444
0 0.861375 0.596889 0.082250 0.102222
0 0.862500 0.468000 0.053500 0.063111
0 0.811875 0.483111 0.047750 0.044444
0 0.775625 0.572667 0.063750 0.040444
0 0.723625 0.579111 0.042250 0.073778
0 0.714875 0.549111 0.040250 0.044889
0 0.699250 0.518444 0.020000 0.036000
0 0.675375 0.488444 0.051750 0.053333
0 0.646000 0.470222 0.055500 0.057778
0 0.556625 0.503111 0.043250 0.050667