0 0.213250 0.186000 0.032500 0.072444
0 0.251375 0.187111 0.061250 0.105778
0 0.188750 0.253556 0.026000 0.073333
0 0.179750 0.324889 0.069500 0.092444
0 0.251750 0.252889 0.060000 0.089778
0 0.229375 0.278000 0.035250 0.064444
0 0.401375 0.174222 0.023750 0.120000
0 0.455375 0.211111 0.009250 0.050667
0 0.483750 0.220000 0.026000 0.106667
0 0.533750 0.199556 0.020000 0.067556
0 0.571625 0.193333 0.031750 0.088889
0 0.611125 0.266222 0.031250 0.092444
0 0.654375 0.298000 0.032250 0.064444
0 0.701875 0.237556 0.028750 0.042222
0 0.695000 0.277556 0.055000 0.082222
0 0.704750 0.314667 0.035500 0.071111
0 0.746875 0.207778 0.014750 0.060000
0 0.757250 0.248444 0.030500 0.125333
0 0.786000 0.221111 0.032000 0.064444
0 0.802125 0.251556 0.056750 0.085333
0 0.807250 0.300444 0.054500 0.101333
0 0.832625 0.397778 0.026250 0.047111
0 0.760000 0.360222 0.034000 0.068889
0 0.716000 0.367333 0.015500 0.036889
0 0.680625 0.394667 0.033750 0.088889
0 0.544500 0.290000 0.045000 0.067111
0 0.537500 0.338889 0.040000 0.102667
0 0.449500 0.320667 0.012500 0.045778
0 0.469625 0.380444 0.038250 0.085333
0 0.565500 0.410000 0.015000 0.044000
0 0.542750 0.439333 0.023000 0.060889
0 0.403375 0.390667 0.020750 0.083556
0 0.420625 0.372889 0.022250 0.049778
0 0.369375 0.305556 0.018750 0.126667
0 0.335250 0.296000 0.030500 0.040889
0 0.315125 0.357333 0.021250 0.049778
0 0.347125 0.358444 0.028250 0.148000
0 0.302750 0.390000 0.072000 0.093778
0 0.246375 0.411778 0.048750 0.096444
0 0.217500 0.398222 0.036500 0.058667
0 0.168750 0.465111 0.026500 0.023556
0 0.299750 0.473778 0.029500 0.107556
0 0.251875 0.501333 0.057750 0.080000
0 0.178125 0.516222 0.057750 0.072444
0 0.201500 0.542667 0.050500 0.076444
0 0.251500 0.576667 0.062000 0.073333
0 0.364875 0.504889 0.033750 0.049778
0 0.442250 0.460000 0.038000 0.086222
0 0.509875 0.555556 0.048750 0.113778
0 0.559500 0.516222 0.030000 0.078667
0 0.568875 0.558889 0.046250 0.080444
0 0.592125 0.488889 0.023250 0.095111
0 0.631875 0.450000 0.012750 0.024444
0 0.673375 0.474444 0.008250 0.042222
0 0.636875 0.492000 0.037750 0.053333
0 0.666000 0.526000 0.027000 0.099111
0 0.714250 0.449333 0.035000 0.045333
0 0.758125 0.451111 0.027750 0.026667
0 0.782625 0.427778 0.021250 0.028889
0 0.875750 0.479556 0.072500 0.065778
0 0.769125 0.507333 0.025750 0.045778
0 0.749000 0.553333 0.020500 0.042667
0 0.739500 0.626667 0.040000 0.046222
0 0.857750 0.571111 0.024500 0.032889
0 0.638125 0.627333 0.039750 0.060889
0 0.428125 0.581111 0.022750 0.070667
0 0.462500 0.633556 0.014000 0.046667
0 0.428750 0.632889 0.061000 0.045333
0 0.399375 0.717111 0.027750 0.081333
0 0.330000 0.672222 0.042500 0.071556
0 0.341875 0.725556 0.047750 0.061778
0 0.308750 0.736889 0.020000 0.017778
0 0.232625 0.724667 0.056250 0.082222
0 0.221000 0.762889 0.012000 0.034222
0 0.155250 0.728222 0.054500 0.092000
0 0.130000 0.687333 0.069000 0.087556
0 0.438500 0.669333 0.010500 0.036444
0 0.498125 0.679333 0.029750 0.085778
0 0.548750 0.725333 0.006500 0.013333
0 0.561000 0.757333 0.012000 0.025778
0 0.609625 0.656000 0.036750 0.036444
0 0.648000 0.746000 0.020000 0.043111
0 0.678125 0.656444 0.027750 0.075556
0 0.709375 0.745556 0.037250 0.049333
0 0.778750 0.730000 0.023500 0.036000
0 0.854000 0.758000 0.058000 0.082222
0 0.883125 0.696667 0.042750 0.049333