0 0.145250 0.205111 0.025000 0.051111
0 0.190625 0.213556 0.014250 0.036000
0 0.240000 0.218444 0.021500 0.043111
0 0.294125 0.208889 0.013250 0.059556
0 0.343500 0.214222 0.010000 0.037333
0 0.383750 0.208222 0.012500 0.049333
0 0.447250 0.222222 0.017500 0.036444
0 0.581875 0.243778 0.018250 0.040444
0 0.633375 0.265556 0.046250 0.087556
0 0.669500 0.272667 0.034500 0.097333
0 0.701000 0.245111 0.028500 0.054667
0 0.747125 0.233111 0.027250 0.058222
0 0.760375 0.260222 0.042250 0.060889
0 0.798000 0.237333 0.031000 0.053333
0 0.839125 0.252222 0.018750 0.029778
0 0.834625 0.300889 0.029250 0.040889
0 0.803750 0.296000 0.023000 0.075556
0 0.725000 0.303333 0.027000 0.060889
0 0.574375 0.292000 0.024250 0.040889
0 0.505000 0.332222 0.036500 0.074222
0 0.431250 0.256889 0.019000 0.070222
0 0.438750 0.295556 0.018000 0.055111
0 0.363000 0.321111 0.024500 0.083111
0 0.301625 0.305333 0.009750 0.030222
0 0.224500 0.316000 0.050500 0.069333
0 0.174875 0.264444 0.048250 0.067556
0 0.115375 0.278889 0.057750 0.060889
0 0.143500 0.422889 0.018500 0.043111
0 0.102875 0.463111 0.082750 0.098667
0 0.191125 0.458667 0.045750 0.116444
0 0.182750 0.426444 0.026000 0.056444
0 0.238500 0.428000 0.031500 0.048000
0 0.279375 0.462222 0.035750 0.088889
0 0.307000 0.416000 0.044500 0.097778
0 0.326125 0.389333 0.029250 0.053333
0 0.354250 0.410000 0.046500 0.072444
0 0.434625 0.346000 0.040750 0.060889
0 0.438375 0.424444 0.029750 0.101333
0 0.385875 0.506667 0.015250 0.079111
0 0.432500 0.465556 0.061500 0.127556
0 0.502375 0.420444 0.039750 0.084444
0 0.520750 0.498444 0.027000 0.066222
0 0.576875 0.336889 0.023250 0.054222
0 0.598000 0.379333 0.031000 0.065333
0 0.634750 0.382667 0.035000 0.044444
0 0.721625 0.370667 0.020250 0.047111
0 0.785000 0.375778 0.061500 0.081333
0 0.854000 0.354889 0.058500 0.069778
0 0.840375 0.427333 0.078750 0.063556
0 0.842375 0.481778 0.020250 0.020444
0 0.872875 0.496222 0.060750 0.083111
0 0.839125 0.584444 0.058750 0.152889
0 0.879500 0.621333 0.054500 0.072889
0 0.842250 0.649778 0.061000 0.060444
0 0.767500 0.539333 0.025000 0.035111
0 0.772375 0.593111 0.031750 0.025333
0 0.867625 0.708222 0.020250 0.017333
0 0.876375 0.786222 0.039250 0.040000
0 0.790000 0.801333 0.038000 0.026667
0 0.746250 0.727333 0.034500 0.080444
0 0.683125 0.770000 0.043250 0.068000
0 0.650000 0.776222 0.045000 0.044889
0 0.612875 0.760667 0.015750 0.034222
0 0.592500 0.770444 0.040000 0.064444
0 0.541000 0.786444 0.007500 0.014667
0 0.477375 0.803333 0.010250 0.020889
0 0.380125 0.753778 0.010250 0.029333
0 0.269750 0.798667 0.026000 0.032000
0 0.266375 0.706444 0.022250 0.020889
0 0.215625 0.763556 0.055750 0.052444
0 0.197500 0.713778 0.041500 0.029333
0 0.185250 0.746667 0.021000 0.044444
0 0.157125 0.671778 0.061250 0.055556
0 0.081375 0.715111 0.075750 0.053333
0 0.108250 0.779556 0.006500 0.006222
0 0.105375 0.594444 0.049250 0.090222
0 0.195000 0.626000 0.031500 0.037778
0 0.207000 0.559556 0.039000 0.069333
0 0.230375 0.530444 0.016250 0.071556
0 0.288625 0.613333 0.039250 0.045333
0 0.323375 0.585111 0.031250 0.085778
0 0.420875 0.638444 0.008250 0.012000
0 0.401125 0.613111 0.049250 0.080444
0 0.403000 0.661111 0.034000 0.060889
0 0.478625 0.612000 0.014250 0.035556
0 0.547125 0.635333 0.050750 0.052889
0 0.558500 0.670889 0.035000 0.059111
0 0.646500 0.644000 0.047500 0.104889
0 0.711000 0.638667 0.018500 0.012444
0 0.732500 0.530000 0.035000 0.041333
0 0.622375 0.533778 0.028250 0.071111
0 0.576000 0.515556 0.027500 0.056000
0 0.594875 0.460667 0.025250 0.052889
0 0.616250 0.449556 0.018000 0.049333
0 0.718375 0.436889 0.033750 0.044444
0 0.686625 0.451778 0.043750 0.050222