0 0.222250 0.270667 0.047000 0.088000
0 0.266000 0.322222 0.037000 0.084444
0 0.315375 0.259333 0.019250 0.052000
0 0.320375 0.316000 0.039250 0.083556
0 0.395500 0.291111 0.007500 0.008889
0 0.454125 0.266667 0.014250 0.028444
0 0.459375 0.306667 0.023750 0.071111
0 0.502500 0.332444 0.008500 0.035556
0 0.528125 0.257556 0.015250 0.055556
0 0.542125 0.329556 0.010750 0.041333
0 0.566750 0.330889 0.012500 0.042222
0 0.613000 0.291111 0.005000 0.031111
0 0.689625 0.283778 0.043250 0.103556
0 0.701125 0.346667 0.088750 0.104889
0 0.733875 0.372444 0.026250 0.080000
0 0.736875 0.325111 0.009750 0.020889
0 0.795125 0.225111 0.028750 0.063556
0 0.837500 0.242889 0.035000 0.094667
0 0.834625 0.319778 0.033250 0.051111
0 0.798500 0.288444 0.035500 0.076444
0 0.866375 0.386000 0.056250 0.056444
0 0.775625 0.358222 0.045250 0.103111
0 0.774625 0.474444 0.018250 0.012889
0 0.820625 0.466667 0.027250 0.037333
0 0.718500 0.443111 0.035500 0.057778
0 0.629375 0.405556 0.012750 0.024444
0 0.644125 0.442000 0.046750 0.077778
0 0.585125 0.391111 0.013750 0.035556
0 0.534625 0.411111 0.045750 0.099556
0 0.593000 0.501556 0.022500 0.054667
0 0.460750 0.399333 0.040000 0.072444
0 0.351500 0.407778 0.017000 0.022667
0 0.355000 0.382000 0.011500 0.011111
0 0.333125 0.455111 0.004750 0.030222
0 0.172500 0.322889 0.066000 0.078667
0 0.208750 0.385778 0.058500 0.084444
0 0.265750 0.446667 0.045000 0.096000
0 0.167250 0.423333 0.030500 0.052889
0 0.292250 0.548889 0.034500 0.047111
0 0.163000 0.598889 0.057500 0.116000
0 0.221250 0.592222 0.033500 0.119556
0 0.243750 0.637111 0.038500 0.056444
0 0.360875 0.531111 0.025750 0.077333
0 0.401000 0.538889 0.055500 0.060000
0 0.440000 0.556222 0.005000 0.010222
0 0.457875 0.535333 0.023250 0.033333
0 0.492500 0.491111 0.014000 0.029333
0 0.547750 0.535556 0.024500 0.073778
0 0.537125 0.599111 0.019250 0.040000
0 0.502250 0.572889 0.010500 0.021333
0 0.486875 0.586222 0.024750 0.065778
0 0.617875 0.582667 0.053250 0.089778
0 0.673750 0.622444 0.020000 0.033333
0 0.698000 0.527778 0.007500 0.015556
0 0.740625 0.506000 0.052750 0.045778
0 0.747250 0.564667 0.047000 0.091111
0 0.813750 0.520444 0.044000 0.032000
0 0.784750 0.546444 0.035500 0.051111
0 0.884875 0.604444 0.046250 0.038222
0 0.833250 0.663778 0.035000 0.028000
0 0.814875 0.617111 0.018750 0.020889
0 0.785625 0.601556 0.025250 0.038667
0 0.733625 0.630000 0.013750 0.022667
0 0.878125 0.770444 0.063750 0.052000
0 0.772625 0.703333 0.028750 0.033333
0 0.793000 0.751333 0.022500 0.011111
0 0.821375 0.729556 0.036250 0.087556
0 0.705625 0.683778 0.042250 0.078667
0 0.727500 0.734222 0.028500 0.057778
0 0.711375 0.779333 0.046250 0.087556
0 0.592250 0.764222 0.055500 0.055556
0 0.652250 0.733778 0.028000 0.025778
0 0.631625 0.754889 0.024250 0.036889
0 0.605000 0.704667 0.006500 0.015556
0 0.562125 0.733333 0.036750 0.146667
0 0.483375 0.772889 0.025750 0.070222
0 0.462625 0.736667 0.023750 0.097333
0 0.454625 0.809333 0.035750 0.045333
0 0.443500 0.855778 0.025500 0.051111
0 0.443375 0.634889 0.030750 0.054667
0 0.396500 0.626667 0.042000 0.050667
0 0.349625 0.620444 0.049250 0.072000
0 0.337125 0.746444 0.025750 0.024444
0 0.340875 0.785333 0.031750 0.053333
0 0.292625 0.750222 0.028750 0.066667
0 0.255875 0.712222 0.034250 0.044000
0 0.222125 0.704000 0.020750 0.023111
0 0.194375 0.788000 0.067250 0.048889
0 0.130875 0.776889 0.053250 0.173333
0 0.278125 0.566000 0.035250 0.052000