0 0.175625 0.210889 0.066250 0.108889
0 0.226000 0.219556 0.038000 0.074667
0 0.275875 0.201111 0.041750 0.133778
0 0.333000 0.188889 0.052500 0.104000
0 0.369000 0.218889 0.010500 0.027111
0 0.254625 0.299556 0.043250 0.054222
0 0.411750 0.223111 0.042500 0.080000
0 0.424250 0.210667 0.035000 0.080889
0 0.448375 0.188444 0.024250 0.128000
0 0.504375 0.208444 0.020250 0.070222
0 0.547125 0.242222 0.021750 0.096000
0 0.591500 0.209556 0.022000 0.078667
0 0.581250 0.272889 0.021000 0.048000
0 0.651000 0.210667 0.013000 0.039111
0 0.646000 0.259778 0.033000 0.073333
0 0.640000 0.312222 0.027500 0.048444
0 0.646250 0.348889 0.022500 0.046222
0 0.669500 0.334444 0.015000 0.039556
0 0.678500 0.209333 0.033000 0.096889
0 0.710625 0.208444 0.040250 0.034667
0 0.694125 0.259778 0.038250 0.077778
0 0.708750 0.282667 0.028500 0.048000
0 0.755750 0.220444 0.035000 0.040889
0 0.787000 0.289333 0.025000 0.040889
0 0.770875 0.350444 0.043250 0.069778
0 0.763875 0.405556 0.031250 0.079556
0 0.727750 0.412444 0.054500 0.057778
0 0.700000 0.454444 0.039000 0.117778
0 0.686250 0.428444 0.006000 0.012444
0 0.656625 0.450889 0.046750 0.148889
0 0.643125 0.428000 0.021250 0.053333
0 0.590750 0.365778 0.040000 0.097778
0 0.575125 0.417333 0.028750 0.065778
0 0.608125 0.477333 0.033750 0.116444
0 0.505625 0.483333 0.038750 0.084889
0 0.492125 0.455111 0.043250 0.083556
0 0.459500 0.489333 0.025000 0.058667
0 0.463125 0.350222 0.033750 0.071111
0 0.452125 0.311556 0.024250 0.072000
0 0.409750 0.380667 0.049500 0.074222
0 0.395500 0.416444 0.035000 0.062222
0 0.313750 0.361333 0.067500 0.093333
0 0.312500 0.386667 0.029000 0.046222
0 0.283875 0.365778 0.031250 0.062222
0 0.319625 0.421333 0.024250 0.026667
0 0.288500 0.450000 0.020500 0.040444
0 0.320000 0.482222 0.034000 0.112889
0 0.350500 0.463556 0.027500 0.102222
0 0.369000 0.463556 0.027000 0.031111
0 0.398875 0.498222 0.028750 0.065778
0 0.185625 0.356667 0.026250 0.051111
0 0.231500 0.426667 0.034500 0.064889
0 0.216000 0.491778 0.029500 0.052000
0 0.196750 0.479111 0.007500 0.013333
0 0.164500 0.461556 0.040000 0.114222
0 0.267750 0.494000 0.029500 0.065333
0 0.157375 0.711778 0.033750 0.032444
0 0.152000 0.744889 0.032500 0.025778
0 0.202000 0.679556 0.057500 0.072000
0 0.233750 0.639556 0.021500 0.018667
0 0.276750 0.608000 0.042500 0.088889
0 0.274125 0.691778 0.054250 0.105333
0 0.264000 0.755111 0.025500 0.061333
0 0.314000 0.646667 0.038000 0.057778
0 0.366500 0.658000 0.069500 0.091111
0 0.389000 0.598889 0.017000 0.040444
0 0.434125 0.584889 0.020750 0.048000
0 0.470250 0.676889 0.027000 0.057778
0 0.463750 0.713333 0.016000 0.019556
0 0.456875 0.744444 0.012250 0.011556
0 0.363375 0.780000 0.015750 0.033778
0 0.315000 0.758889 0.010000 0.017333
0 0.509375 0.702667 0.016250 0.021333
0 0.518375 0.626889 0.045750 0.068889
0 0.560000 0.665111 0.041500 0.165778
0 0.608875 0.708889 0.043750 0.056000
0 0.666250 0.740000 0.033500 0.056000
0 0.666125 0.682889 0.031250 0.045778
0 0.626375 0.655556 0.041250 0.064000
0 0.721625 0.671778 0.004250 0.010222
0 0.787250 0.700444 0.035500 0.083556
0 0.814500 0.723778 0.010000 0.028000
0 0.892000 0.786667 0.067500 0.078222
0 0.890250 0.729333 0.068000 0.076444
0 0.836875 0.646667 0.062750 0.064889
0 0.881000 0.578889 0.064500 0.048444
0 0.816875 0.476222 0.021250 0.043111
0 0.803500 0.479333 0.032000 0.100889
0 0.739250 0.515556 0.027500 0.048889
0 0.704125 0.569333 0.025750 0.076444
0 0.684000 0.618444 0.022000 0.074222
0 0.648750 0.583333 0.031500 0.055556