0 0.194625 0.150889 0.041750 0.104444
0 0.067875 0.201111 0.093750 0.069778
0 0.105875 0.263556 0.033750 0.069333
0 0.247125 0.188000 0.029750 0.066667
0 0.309000 0.209556 0.023000 0.057333
0 0.425625 0.180889 0.040250 0.090667
0 0.378625 0.224889 0.025750 0.044444
0 0.499500 0.209111 0.009000 0.033333
0 0.553500 0.192889 0.012500 0.043556
0 0.613375 0.183556 0.038750 0.077333
0 0.672000 0.194000 0.019500 0.029778
0 0.712750 0.166889 0.039500 0.082222
0 0.745625 0.208889 0.028250 0.052444
0 0.834500 0.165111 0.028500 0.052889
0 0.865625 0.172667 0.033750 0.070667
0 0.936750 0.174667 0.036500 0.034667
0 0.937500 0.230222 0.042000 0.051556
0 0.844125 0.286667 0.054250 0.039111
0 0.790250 0.312667 0.039500 0.041333
0 0.693750 0.280222 0.036000 0.070667
0 0.606625 0.301111 0.015250 0.033333
0 0.543750 0.280222 0.038000 0.086667
0 0.488500 0.265111 0.042500 0.070667
0 0.484125 0.307111 0.035750 0.112000
0 0.890750 0.408667 0.062500 0.065333
0 0.729000 0.358222 0.067500 0.048000
0 0.667000 0.332667 0.033500 0.036889
0 0.600750 0.368222 0.020500 0.043111
0 0.649125 0.384444 0.052750 0.066667
0 0.515000 0.370222 0.065000 0.059556
0 0.394375 0.350222 0.069250 0.075556
0 0.360375 0.275333 0.040250 0.080444
0 0.316125 0.313111 0.042250 0.070667
0 0.226875 0.380889 0.077250 0.096889
0 0.158875 0.379556 0.030250 0.032889
0 0.066750 0.400667 0.057000 0.052000
0 0.167500 0.315556 0.032500 0.063111
0 0.176250 0.269778 0.074500 0.096000
0 0.438250 0.382444 0.027500 0.080444
0 0.434500 0.496667 0.030500 0.102667
0 0.493875 0.498000 0.035250 0.076889
0 0.543000 0.476667 0.031000 0.083111
0 0.523375 0.570222 0.025250 0.040889
0 0.459375 0.595333 0.024750 0.070667
0 0.386000 0.590222 0.033000 0.042667
0 0.311875 0.529333 0.057750 0.115556
0 0.232250 0.469333 0.065000 0.050667
0 0.149750 0.476444 0.049000 0.036444
0 0.184750 0.515556 0.056000 0.052444
0 0.105250 0.546444 0.050500 0.060000
0 0.196750 0.587333 0.044000 0.046667
0 0.099375 0.707333 0.067750 0.117778
0 0.160750 0.703778 0.043500 0.083111
0 0.223375 0.686667 0.047250 0.071111
0 0.263125 0.775111 0.047250 0.095111
0 0.211375 0.826222 0.070750 0.142222
0 0.173375 0.899111 0.025750 0.077333
0 0.089250 0.901778 0.074000 0.143111
0 0.092000 0.832000 0.061500 0.105778
0 0.164875 0.782444 0.043750 0.041333
0 0.264625 0.890444 0.037750 0.065333
0 0.332625 0.864889 0.019750 0.068444
0 0.384875 0.904889 0.058750 0.106667
0 0.498750 0.870222 0.034000 0.077333
0 0.431875 0.792889 0.071250 0.098667
0 0.514500 0.791778 0.028000 0.073333
0 0.426875 0.708667 0.017250 0.044000
0 0.322625 0.773556 0.046750 0.080444
0 0.325250 0.707333 0.064000 0.069778
0 0.312250 0.638222 0.060500 0.079111
0 0.266375 0.614667 0.024750 0.040000
0 0.269375 0.669111 0.035750 0.066222
0 0.501375 0.670889 0.011750 0.020889
0 0.862250 0.488444 0.076000 0.068444
0 0.916750 0.480000 0.069000 0.057778
0 0.924500 0.529778 0.019000 0.015111
0 0.752750 0.454444 0.023000 0.020000
0 0.807000 0.555333 0.042500 0.052889
0 0.841125 0.655556 0.074250 0.079111
0 0.897250 0.657111 0.056000 0.086667
0 0.943000 0.651556 0.038000 0.066667
0 0.769500 0.662222 0.051000 0.100444
0 0.811500 0.718222 0.021500 0.028444
0 0.866375 0.796444 0.037250 0.071111
0 0.930500 0.850667 0.052000 0.076444
0 0.797500 0.764667 0.075000 0.071556
0 0.843125 0.841556 0.030750 0.055556
0 0.821000 0.878000 0.054000 0.079556
0 0.772000 0.827778 0.033500 0.060000
0 0.725875 0.807111 0.055750 0.135111
0 0.680625 0.844222 0.049750 0.155111
0 0.709375 0.876000 0.044250 0.104889
0 0.717875 0.664222 0.034250 0.084000
0 0.611000 0.786444 0.045000 0.094667
0 0.607625 0.879778 0.044250 0.092889
0 0.561750 0.824000 0.016500 0.052444
0 0.559125 0.762444 0.031250 0.060000
0 0.563625 0.697333 0.025250 0.043556
0 0.659250 0.889778 0.053000 0.105778
0 0.596250 0.652000 0.027500 0.044444
0 0.622250 0.471556 0.032000 0.106667
0 0.667375 0.491111 0.055250 0.066667
0 0.710000 0.480222 0.039000 0.046667
0 0.822375 0.344222 0.028250 0.019111
0 0.667625 0.595333 0.026250 0.039556