0 0.238250 0.208889 0.026500 0.090667
0 0.294000 0.236889 0.022000 0.086222
0 0.309750 0.220444 0.031500 0.122667
0 0.384250 0.267556 0.008500 0.033778
0 0.404750 0.245778 0.013500 0.041778
0 0.467750 0.240889 0.020500 0.071111
0 0.538750 0.251556 0.026500 0.069333
0 0.502250 0.278222 0.009500 0.046222
0 0.580500 0.277333 0.008000 0.049778
0 0.616000 0.277333 0.014000 0.030222
0 0.661750 0.244000 0.027500 0.096889
0 0.674500 0.320444 0.054000 0.093333
0 0.689500 0.309778 0.032000 0.073778
0 0.738750 0.301778 0.019500 0.027556
0 0.738000 0.325333 0.025000 0.040889
0 0.773250 0.266667 0.034500 0.055111
0 0.828500 0.261778 0.033000 0.089778
0 0.830000 0.333778 0.035000 0.047111
0 0.797250 0.361778 0.011500 0.016000
0 0.806500 0.390222 0.053000 0.065778
0 0.815750 0.396889 0.003500 0.031111
0 0.745750 0.435111 0.070500 0.082667
0 0.714000 0.393333 0.019000 0.041778
0 0.658750 0.431556 0.021500 0.024000
0 0.619500 0.418222 0.023000 0.072000
0 0.624500 0.468444 0.021000 0.062222
0 0.584000 0.324000 0.031000 0.066667
0 0.500250 0.343111 0.011500 0.035556
0 0.488250 0.299556 0.016500 0.065778
0 0.453250 0.371556 0.031500 0.088889
0 0.439500 0.336444 0.012000 0.050667
0 0.388000 0.318667 0.012000 0.048889
0 0.365500 0.324444 0.020000 0.037333
0 0.362000 0.364444 0.036000 0.058667
0 0.328250 0.328889 0.019500 0.055111
0 0.268000 0.308000 0.037000 0.095111
0 0.215500 0.293333 0.031000 0.094222
0 0.197250 0.304444 0.019500 0.084444
0 0.191250 0.352444 0.027500 0.052444
0 0.239750 0.374667 0.034500 0.077333
0 0.312000 0.348889 0.012000 0.041778
0 0.297000 0.386667 0.009000 0.039111
0 0.307250 0.426667 0.033500 0.113778
0 0.348500 0.427556 0.048000 0.071111
0 0.366250 0.453333 0.040500 0.064000
0 0.408250 0.416000 0.009500 0.016000
0 0.409500 0.451556 0.019000 0.053333
0 0.440750 0.490667 0.021500 0.042667
0 0.469250 0.456444 0.026500 0.048889
0 0.501000 0.506222 0.036000 0.107556
0 0.672500 0.473778 0.046000 0.060444
0 0.699250 0.523111 0.023500 0.070222
0 0.757750 0.484444 0.033500 0.040889
0 0.793500 0.482667 0.028000 0.028444
0 0.822000 0.472889 0.013000 0.019556
0 0.826750 0.540000 0.074500 0.052444
0 0.861250 0.550667 0.060500 0.054222
0 0.760500 0.585778 0.028000 0.040889
0 0.717250 0.568000 0.030500 0.072889
0 0.663250 0.552889 0.045500 0.076444
0 0.622500 0.528444 0.025000 0.031111
0 0.599000 0.552444 0.019000 0.025778
0 0.578250 0.589778 0.026500 0.096889
0 0.550750 0.572444 0.027500 0.033778
0 0.543750 0.612444 0.017500 0.046222
0 0.454250 0.572000 0.055500 0.086222
0 0.393500 0.516889 0.031000 0.072000
0 0.235000 0.474667 0.013000 0.030222
0 0.276000 0.477778 0.010000 0.016889
0 0.163000 0.466667 0.045000 0.055111
0 0.218500 0.498222 0.032000 0.066667
0 0.266000 0.498222 0.041000 0.072000
0 0.313000 0.514667 0.029000 0.071111
0 0.300250 0.572444 0.031500 0.065778
0 0.339750 0.576889 0.045500 0.062222
0 0.397500 0.603111 0.027000 0.064889
0 0.386250 0.653333 0.041500 0.083556
0 0.448500 0.681333 0.022000 0.070222
0 0.496000 0.720889 0.022000 0.037333
0 0.537500 0.691111 0.043000 0.056000
0 0.593500 0.651556 0.036000 0.071111
0 0.635500 0.699556 0.026000 0.067556
0 0.674750 0.618667 0.017500 0.024889
0 0.625250 0.595556 0.034500 0.092444
0 0.714000 0.623556 0.040000 0.040000
0 0.755250 0.613333 0.031500 0.021333
0 0.806750 0.610222 0.022500 0.029333
0 0.816000 0.641778 0.050000 0.048000
0 0.855750 0.636444 0.035500 0.030222
0 0.840500 0.683556 0.027000 0.040889
0 0.809000 0.722222 0.044000 0.029333
0 0.771000 0.736000 0.036000 0.023111
0 0.747000 0.695111 0.033000 0.040889
0 0.712750 0.728000 0.047500 0.060444
0 0.569250 0.772000 0.041500 0.056000
0 0.540250 0.748000 0.021500 0.038222
0 0.484500 0.802667 0.044000 0.051556
0 0.433250 0.784000 0.038500 0.051556
0 0.392000 0.759556 0.008000 0.022222
0 0.366500 0.756000 0.027000 0.089778
0 0.325500 0.681778 0.048000 0.083556
0 0.305000 0.772889 0.045000 0.047111
0 0.285250 0.736444 0.043500 0.109333
0 0.237750 0.790667 0.030500 0.064889
0 0.213750 0.798667 0.013500 0.022222
0 0.160000 0.790667 0.017000 0.025778
0 0.192250 0.719556 0.051500 0.059556
0 0.225750 0.707111 0.026500 0.048889
0 0.250250 0.690222 0.036500 0.109333
0 0.251500 0.640444 0.034000 0.059556
0 0.230500 0.623111 0.029000 0.042667
0 0.211750 0.641333 0.021500 0.041778
0 0.142000 0.640889 0.057000 0.088889
0 0.158500 0.621778 0.033000 0.036444
0 0.154750 0.571556 0.058500 0.088889
0 0.571750 0.486222 0.005500 0.007111