0 0.251125 0.296222 0.030250 0.066222
0 0.335750 0.237333 0.031000 0.070222
0 0.339500 0.306000 0.028000 0.052889
0 0.384875 0.246444 0.020750 0.041333
0 0.421625 0.244889 0.019750 0.044444
0 0.438375 0.298667 0.023250 0.100444
0 0.449125 0.262667 0.007750 0.017778
0 0.474500 0.256000 0.021000 0.082667
0 0.493875 0.227556 0.019250 0.094222
0 0.544500 0.269333 0.020500 0.045333
0 0.536125 0.318000 0.030250 0.074222
0 0.607250 0.245556 0.022500 0.047556
0 0.636375 0.213111 0.022750 0.092000
0 0.687875 0.240444 0.044250 0.068444
0 0.684625 0.296667 0.050750 0.071556
0 0.721125 0.259556 0.034250 0.058667
0 0.717750 0.309111 0.031000 0.068889
0 0.751750 0.298222 0.025500 0.062222
0 0.771750 0.263111 0.025000 0.051556
0 0.801500 0.300222 0.036500 0.103556
0 0.812125 0.250667 0.030250 0.062222
0 0.834250 0.268889 0.039500 0.102222
0 0.836000 0.222667 0.025500 0.057778
0 0.856125 0.345778 0.055250 0.087111
0 0.861875 0.434667 0.055250 0.101333
0 0.820625 0.425333 0.049250 0.090667
0 0.752000 0.385556 0.018000 0.075111
0 0.376750 0.306000 0.018500 0.079556
0 0.388125 0.356667 0.023750 0.085778
0 0.394500 0.411333 0.028500 0.060889
0 0.404375 0.463778 0.022750 0.035111
0 0.223750 0.332000 0.021000 0.038222
0 0.216625 0.380000 0.016750 0.045333
0 0.299125 0.370667 0.009750 0.031111
0 0.322375 0.399111 0.026250 0.056889
0 0.341000 0.448667 0.028500 0.040444
0 0.457875 0.416444 0.016750 0.050667
0 0.524500 0.382444 0.032500 0.052889
0 0.549375 0.412889 0.023250 0.032889
0 0.567125 0.419111 0.037750 0.115556
0 0.591500 0.416667 0.025000 0.090222
0 0.605125 0.306889 0.023250 0.079556
0 0.633375 0.328889 0.012250 0.038222
0 0.635500 0.398000 0.018500 0.054667
0 0.613375 0.511111 0.026750 0.088889
0 0.689500 0.419111 0.035000 0.051556
0 0.683375 0.446000 0.034250 0.061778
0 0.730000 0.369111 0.043500 0.077778
0 0.890375 0.564889 0.066750 0.171556
0 0.891875 0.710222 0.051250 0.064889
0 0.821500 0.730889 0.038500 0.034222
0 0.804125 0.688444 0.052250 0.097778
0 0.827250 0.622444 0.028000 0.048444
0 0.814500 0.571778 0.089500 0.073333
0 0.821750 0.546444 0.049500 0.099111
0 0.745625 0.516889 0.027250 0.042667
0 0.756375 0.447556 0.013750 0.017778
0 0.752625 0.597111 0.038750 0.053778
0 0.765125 0.621778 0.019750 0.062222
0 0.751125 0.640444 0.037250 0.039111
0 0.739500 0.699778 0.025500 0.098222
0 0.696750 0.695778 0.032000 0.085778
0 0.684875 0.635778 0.030250 0.052889
0 0.646000 0.648667 0.053500 0.055556
0 0.643000 0.726222 0.010500 0.014222
0 0.606375 0.728667 0.017250 0.036000
0 0.611625 0.669333 0.033750 0.074667
0 0.531125 0.737556 0.054250 0.066222
0 0.497500 0.752889 0.025000 0.064000
0 0.476750 0.685556 0.025500 0.085778
0 0.457000 0.632667 0.024500 0.071556
0 0.516625 0.469333 0.015750 0.040000
0 0.549375 0.506444 0.023250 0.034222
0 0.643875 0.492000 0.027250 0.056889
0 0.664875 0.519556 0.020250 0.056000
0 0.501125 0.522667 0.025750 0.057778
0 0.515750 0.575778 0.057000 0.067111
0 0.546250 0.632222 0.032000 0.041333
0 0.556875 0.681111 0.037250 0.067111
0 0.434500 0.697333 0.021500 0.064000
0 0.384875 0.646444 0.041750 0.066222
0 0.405250 0.707556 0.044000 0.080889
0 0.342125 0.742222 0.033250 0.061333
0 0.282250 0.743111 0.021500 0.025778
0 0.242750 0.751111 0.029500 0.039111
0 0.197625 0.745333 0.015250 0.007111
0 0.265125 0.684889 0.047750 0.057778
0 0.231875 0.660667 0.026750 0.054667
0 0.197875 0.619778 0.019250 0.022667
0 0.239875 0.587111 0.016750 0.042667
0 0.203750 0.513333 0.021500 0.051556
0 0.276250 0.422222 0.043000 0.070222
0 0.263625 0.454889 0.009750 0.021778
0 0.225250 0.455333 0.021500 0.016444
0 0.275500 0.463556 0.007000 0.031111
0 0.284625 0.475111 0.033250 0.045333
0 0.295375 0.524222 0.024250 0.048444
0 0.369125 0.483778 0.026750 0.062667
0 0.370375 0.555111 0.040750 0.091556
0 0.347625 0.525111 0.019750 0.042222
0 0.387500 0.560222 0.019000 0.042222
0 0.425875 0.514889 0.041250 0.065333
0 0.597750 0.547778 0.028000 0.092000
0 0.619250 0.597556 0.024500 0.085778
0 0.698750 0.533333 0.043000 0.127111
0 0.228500 0.244000 0.010500 0.025778
0 0.275000 0.269333 0.016500 0.026667
0 0.259250 0.552000 0.007500 0.009778
0 0.425750 0.394889 0.007000 0.014667
0 0.473000 0.323333 0.008000 0.022667