0 0.271375 0.181111 0.029750 0.077778
0 0.356625 0.179778 0.026250 0.080444
0 0.323125 0.192889 0.033750 0.072889
0 0.397125 0.237333 0.039750 0.103111
0 0.442000 0.182222 0.023500 0.070222
0 0.464625 0.180222 0.029250 0.091111
0 0.529250 0.221111 0.026500 0.112444
0 0.558250 0.265778 0.015500 0.049778
0 0.620000 0.260444 0.031500 0.043556
0 0.651375 0.197556 0.031250 0.082222
0 0.689125 0.206667 0.021750 0.060444
0 0.729875 0.220444 0.029750 0.057778
0 0.705625 0.269111 0.023750 0.036000
0 0.652625 0.295111 0.019250 0.029333
0 0.606125 0.324667 0.011250 0.037778
0 0.657125 0.376222 0.079250 0.093778
0 0.746250 0.322889 0.052000 0.083111
0 0.785375 0.271111 0.030250 0.041778
0 0.794125 0.308889 0.045750 0.075556
0 0.813625 0.265333 0.011250 0.009778
0 0.804500 0.206444 0.030500 0.068000
0 0.749750 0.227556 0.014500 0.032000
0 0.825000 0.350889 0.037000 0.053778
0 0.757875 0.394889 0.029750 0.039556
0 0.704500 0.367778 0.018500 0.033333
0 0.644500 0.457111 0.060000 0.083111
0 0.732500 0.476222 0.035000 0.054667
0 0.805375 0.518222 0.061750 0.080000
0 0.723875 0.540444 0.010750 0.026667
0 0.784000 0.429778 0.009500 0.016889
0 0.741500 0.573556 0.052000 0.092889
0 0.754000 0.561333 0.026000 0.040000
0 0.804000 0.643111 0.019500 0.017778
0 0.808250 0.707333 0.030500 0.016444
0 0.865625 0.714889 0.044250 0.021778
0 0.869750 0.612667 0.060500 0.052000
0 0.846125 0.553333 0.045250 0.103111
0 0.721250 0.670889 0.024500 0.037778
0 0.718875 0.718444 0.014250 0.022667
0 0.682250 0.677556 0.017500 0.032444
0 0.641250 0.610667 0.045000 0.148444
0 0.591250 0.568889 0.039000 0.092444
0 0.581750 0.612222 0.024000 0.124889
0 0.581875 0.665333 0.023250 0.048889
0 0.560125 0.695556 0.039250 0.081778
0 0.561250 0.610444 0.068000 0.079556
0 0.510625 0.602444 0.039250 0.110667
0 0.452875 0.566889 0.048250 0.132000
0 0.411750 0.658667 0.042500 0.094222
0 0.381125 0.588667 0.054750 0.076000
0 0.342875 0.561556 0.027250 0.050222
0 0.320250 0.513111 0.032000 0.079556
0 0.306625 0.507333 0.011250 0.019111
0 0.344375 0.722000 0.018750 0.043111
0 0.279250 0.711111 0.064000 0.093333
0 0.192000 0.631333 0.050000 0.108000
0 0.207625 0.507333 0.052750 0.092889
0 0.268625 0.524000 0.052250 0.091556
0 0.227125 0.474667 0.039250 0.032889
0 0.267250 0.472222 0.015500 0.037778
0 0.202125 0.380222 0.060750 0.097333
0 0.164375 0.377556 0.047750 0.052000
0 0.166375 0.352667 0.020250 0.035111
0 0.167250 0.263778 0.048500 0.080444
0 0.187500 0.210889 0.020500 0.027111
0 0.233875 0.200000 0.036750 0.058667
0 0.234875 0.288889 0.027250 0.087111
0 0.277750 0.254889 0.016000 0.039556
0 0.306625 0.252000 0.042250 0.072000
0 0.339125 0.250222 0.043250 0.083556
0 0.372250 0.326444 0.025500 0.068889
0 0.398875 0.332889 0.035250 0.072889
0 0.423375 0.317333 0.029750 0.079111
0 0.280250 0.608000 0.065000 0.074667
0 0.500375 0.348222 0.020750 0.082222
0 0.483875 0.288000 0.013250 0.013333
0 0.527125 0.351778 0.035250 0.122222
0 0.540875 0.420222 0.021250 0.024444
0 0.559750 0.484222 0.051500 0.107111
0 0.602500 0.478444 0.038500 0.080444
0 0.689875 0.515556 0.038250 0.074667
0 0.832875 0.450000 0.037250 0.050222
0 0.443875 0.484667 0.035750 0.081333
0 0.434625 0.444444 0.054250 0.086222
0 0.391250 0.447778 0.053500 0.066222
0 0.331375 0.397556 0.051250 0.066222
0 0.263875 0.390000 0.036250 0.041333
0 0.289375 0.384444 0.042750 0.056889