0 0.304667 0.079125 0.050222 0.061250
0 0.227333 0.102625 0.015556 0.024750
0 0.378889 0.106625 0.044889 0.046250
0 0.485333 0.068750 0.080000 0.086000
0 0.590000 0.089375 0.041333 0.043250
0 0.639333 0.083250 0.050222 0.056000
0 0.769111 0.113375 0.054667 0.025750
0 0.861333 0.153125 0.055111 0.044750
0 0.676667 0.143500 0.038667 0.034000
0 0.486444 0.154000 0.009333 0.009500
0 0.234000 0.150375 0.025333 0.033250
0 0.289333 0.187500 0.040889 0.055000
0 0.343333 0.221375 0.054667 0.057250
0 0.774222 0.171875 0.035556 0.034250
0 0.831333 0.213000 0.049333 0.029000
0 0.861778 0.223750 0.030222 0.016000
0 0.745556 0.219750 0.034222 0.018500
0 0.626222 0.198625 0.012444 0.018250
0 0.608222 0.188875 0.026222 0.010750
0 0.559111 0.198375 0.035556 0.029750
0 0.559556 0.233750 0.043556 0.044000
0 0.467778 0.200500 0.023556 0.029000
0 0.393778 0.159875 0.029333 0.028750
0 0.412667 0.185500 0.028000 0.026500
0 0.385333 0.221000 0.064889 0.056500
0 0.768444 0.253875 0.035556 0.018250
0 0.821556 0.265375 0.034222 0.020250
0 0.516667 0.250500 0.050222 0.043500
0 0.504889 0.279250 0.089778 0.046500
0 0.225778 0.284875 0.086222 0.047750
0 0.388889 0.290500 0.064889 0.047000
0 0.202222 0.331250 0.053333 0.038500
0 0.416667 0.322000 0.042222 0.025500
0 0.503333 0.341375 0.036000 0.025250
0 0.633556 0.313625 0.024444 0.007250
0 0.692000 0.330875 0.069333 0.047250
0 0.831778 0.361500 0.056444 0.012500
0 0.765556 0.347750 0.071556 0.029500
0 0.749111 0.369125 0.028889 0.022250
0 0.602889 0.367875 0.020000 0.011750
0 0.426444 0.353500 0.036000 0.015000
0 0.370222 0.363375 0.057778 0.032250
0 0.326000 0.375125 0.024444 0.015750
0 0.539333 0.303750 0.023556 0.012500
0 0.730889 0.396125 0.028000 0.011750
0 0.834000 0.415250 0.028000 0.006500
0 0.611556 0.407250 0.051556 0.039500
0 0.504667 0.404250 0.029778 0.014000
0 0.505111 0.414750 0.032444 0.011000
0 0.416222 0.408875 0.076889 0.031250
0 0.354444 0.409750 0.035111 0.012000
0 0.325778 0.417750 0.032000 0.019500
0 0.198667 0.423625 0.070222 0.039250
0 0.208222 0.475000 0.072444 0.023500
0 0.211111 0.511250 0.073778 0.030000
0 0.357556 0.475250 0.053778 0.031000
0 0.557333 0.456625 0.038222 0.019750
0 0.624000 0.462125 0.031111 0.027250
0 0.689556 0.435125 0.120444 0.045250
0 0.743111 0.458250 0.069333 0.018000
0 0.812444 0.464125 0.055111 0.019250
0 0.872444 0.499375 0.121778 0.029250
0 0.778889 0.521750 0.082222 0.046000
0 0.687111 0.533875 0.069333 0.031250
0 0.592444 0.504500 0.040889 0.017000
0 0.528222 0.481625 0.094667 0.032750
0 0.385556 0.516000 0.036000 0.019000
0 0.462667 0.527250 0.083556 0.027000
0 0.511111 0.534250 0.042667 0.027500
0 0.476667 0.558000 0.040444 0.025000
0 0.605333 0.582875 0.026667 0.016750
0 0.697556 0.561750 0.027111 0.017000
0 0.758222 0.579375 0.055111 0.008750
0 0.810889 0.552750 0.020000 0.006500
0 0.386444 0.575250 0.022667 0.019000
0 0.325111 0.566625 0.049333 0.024250
0 0.277556 0.568625 0.024444 0.028250
0 0.533333 0.613625 0.021333 0.015250
0 0.589556 0.626125 0.030667 0.025750
0 0.693333 0.597750 0.030222 0.008500
0 0.739333 0.618125 0.035111 0.026750
0 0.772000 0.634500 0.056000 0.013500
0 0.833333 0.655875 0.088000 0.029250
0 0.687333 0.665750 0.087556 0.034500
0 0.604000 0.643750 0.043556 0.014000
0 0.518000 0.675625 0.046667 0.051250
0 0.435556 0.662125 0.071111 0.034750
0 0.347556 0.639125 0.056000 0.031250
0 0.347333 0.685625 0.065333 0.055250
0 0.224667 0.659875 0.049333 0.061750
0 0.244000 0.699000 0.073778 0.078000
0 0.560222 0.715000 0.035111 0.031500
0 0.677111 0.726500 0.044000 0.029500
0 0.724444 0.722375 0.043556 0.032750
0 0.230889 0.789875 0.021778 0.033750
0 0.253778 0.848750 0.042667 0.043500
0 0.337333 0.794375 0.033778 0.049250
0 0.342889 0.832250 0.053778 0.047000
0 0.362444 0.887125 0.020889 0.041250
0 0.404667 0.871875 0.032444 0.030250
0 0.405556 0.824375 0.031556 0.042250
0 0.498667 0.867000 0.029333 0.043500
0 0.425778 0.782875 0.040000 0.034250
0 0.349556 0.722625 0.019111 0.012250
0 0.534667 0.765250 0.028444 0.035500
0 0.499556 0.830250 0.023111 0.036500
0 0.596000 0.781000 0.052444 0.035500
0 0.661556 0.785750 0.090222 0.056000
0 0.802444 0.858250 0.046667 0.035000
0 0.874889 0.848375 0.039556 0.037250
0 0.889778 0.819750 0.056000 0.045000
0 0.230444 0.855625 0.025333 0.012250