0 0.484222 0.153625 0.059111 0.045750
0 0.339556 0.182250 0.066667 0.051500
0 0.300000 0.174375 0.020444 0.021250
0 0.416222 0.179875 0.042222 0.022750
0 0.416889 0.193500 0.057778 0.044500
0 0.471778 0.205000 0.043111 0.032000
0 0.557778 0.163375 0.053333 0.034750
0 0.624222 0.186250 0.050222 0.033000
0 0.711778 0.176000 0.054667 0.036500
0 0.602667 0.223500 0.085333 0.039500
0 0.666222 0.231625 0.095111 0.031750
0 0.822222 0.204750 0.040000 0.027000
0 0.826889 0.228625 0.055556 0.032250
0 0.722667 0.238375 0.056000 0.025750
0 0.840889 0.284750 0.046222 0.031500
0 0.696000 0.264375 0.034667 0.026250
0 0.369556 0.255500 0.093778 0.031000
0 0.510444 0.258375 0.101778 0.040750
0 0.484667 0.289250 0.061778 0.040000
0 0.413111 0.313500 0.049333 0.028000
0 0.467333 0.334375 0.041333 0.023750
0 0.547778 0.348000 0.071556 0.032500
0 0.566000 0.315375 0.024444 0.009250
0 0.631333 0.331000 0.056444 0.016500
0 0.676667 0.342750 0.044889 0.043000
0 0.692000 0.300000 0.052444 0.056000
0 0.723778 0.288625 0.020000 0.013750
0 0.759333 0.336125 0.050222 0.025250
0 0.782000 0.291750 0.070667 0.045000
0 0.814222 0.277625 0.034667 0.013750
0 0.840889 0.328500 0.041778 0.026500
0 0.846667 0.363375 0.082667 0.031250
0 0.822889 0.394375 0.076000 0.028250
0 0.739111 0.399750 0.047111 0.013500
0 0.704667 0.402000 0.028000 0.034000
0 0.629556 0.397250 0.059111 0.027500
0 0.604889 0.365500 0.063111 0.022000
0 0.559333 0.376875 0.087556 0.039750
0 0.408222 0.391375 0.041333 0.015250
0 0.326000 0.369625 0.051111 0.033250
0 0.414000 0.436250 0.071556 0.050500
0 0.345778 0.443875 0.043556 0.018250
0 0.303333 0.434375 0.010222 0.011250
0 0.485778 0.438750 0.047111 0.035500
0 0.516000 0.444250 0.018667 0.020000
0 0.586444 0.449000 0.041333 0.019500
0 0.690222 0.464250 0.061333 0.021000
0 0.754889 0.452500 0.031556 0.009500
0 0.824667 0.446250 0.037778 0.018500
0 0.770889 0.477625 0.074222 0.024250
0 0.827111 0.496750 0.053333 0.021000
0 0.765111 0.534125 0.077778 0.021250
0 0.698000 0.530625 0.036000 0.013250
0 0.611333 0.508125 0.021778 0.020750
0 0.571333 0.501500 0.068000 0.025000
0 0.476889 0.486000 0.025778 0.014000
0 0.381111 0.497125 0.031556 0.007750
0 0.288889 0.494750 0.031111 0.015500
0 0.421111 0.524500 0.043111 0.011000
0 0.548000 0.520625 0.079111 0.016250
0 0.622444 0.540375 0.053778 0.043750
0 0.642889 0.574875 0.067111 0.022250
0 0.694667 0.580625 0.042667 0.022250
0 0.745778 0.588750 0.053333 0.019000
0 0.813333 0.583375 0.021333 0.003250
0 0.744667 0.615500 0.043111 0.011000
0 0.658889 0.619250 0.127556 0.039000
0 0.544000 0.589000 0.056889 0.025500
0 0.418889 0.584625 0.074222 0.041750
0 0.398889 0.542500 0.051111 0.026000
0 0.334444 0.552625 0.083111 0.022250
0 0.330667 0.632875 0.055111 0.044250
0 0.424889 0.630375 0.070222 0.033750
0 0.464222 0.624000 0.039556 0.033500
0 0.302000 0.677375 0.039556 0.026250
0 0.392667 0.681375 0.043111 0.028750
0 0.449333 0.675750 0.020444 0.020000
0 0.443778 0.695375 0.046667 0.046250
0 0.484889 0.714625 0.056889 0.023250
0 0.408000 0.709375 0.036444 0.014250
0 0.404889 0.731000 0.074667 0.047000
0 0.312667 0.746875 0.027111 0.016250
0 0.557111 0.691500 0.067111 0.033000
0 0.625556 0.678250 0.029778 0.021500
0 0.661556 0.688625 0.040444 0.042250
0 0.725111 0.668125 0.018222 0.016750
0 0.843778 0.701250 0.061778 0.030500
0 0.715778 0.706000 0.020889 0.018500
0 0.676889 0.712125 0.033778 0.025250
0 0.803556 0.740000 0.043556 0.025000
0 0.821556 0.742125 0.037778 0.023750
0 0.694889 0.738250 0.066222 0.020000
0 0.744222 0.752375 0.070667 0.027750
0 0.592000 0.767375 0.064889 0.040750
0 0.523333 0.765500 0.039556 0.018000
0 0.476667 0.773500 0.060000 0.046500
0 0.354889 0.807125 0.052000 0.038750
0 0.299111 0.817875 0.047111 0.047750
0 0.454667 0.816750 0.028444 0.033000
0 0.572667 0.796625 0.044000 0.020250
0 0.556444 0.815750 0.050667 0.040500
0 0.649111 0.802125 0.055556 0.034250
0 0.752889 0.807250 0.048889 0.051500
0 0.791333 0.804125 0.031556 0.033750
0 0.784000 0.834750 0.020444 0.028500
0 0.834000 0.832500 0.019111 0.012000
0 0.663333 0.856250 0.056444 0.051500
0 0.424222 0.888000 0.075111 0.087500
0 0.474000 0.878750 0.092000 0.064000
0 0.554667 0.876125 0.096889 0.063750
0 0.638222 0.881500 0.077333 0.086000
0 0.833556 0.631125 0.023556 0.006750
0 0.688222 0.475500 0.060889 0.012500