0 0.236889 0.217625 0.094222 0.042750
0 0.398889 0.171500 0.036889 0.049500
0 0.523333 0.151375 0.084889 0.059250
0 0.580889 0.152625 0.088000 0.069750
0 0.649778 0.174125 0.083556 0.063750
0 0.732889 0.163750 0.122667 0.069500
0 0.815556 0.181625 0.088889 0.056750
0 0.775556 0.228875 0.063111 0.038250
0 0.585333 0.212750 0.048000 0.068000
0 0.606000 0.254125 0.046667 0.044750
0 0.342444 0.236625 0.053778 0.045250
0 0.377333 0.253000 0.033778 0.036000
0 0.402444 0.215500 0.035111 0.036500
0 0.434889 0.227250 0.049333 0.043000
0 0.474444 0.229250 0.027111 0.020500
0 0.560000 0.247000 0.032889 0.014000
0 0.515778 0.258875 0.074222 0.029750
0 0.452667 0.280250 0.025333 0.017000
0 0.716444 0.282250 0.066667 0.035500
0 0.885333 0.296375 0.104889 0.054750
0 0.309333 0.297000 0.055111 0.039000
0 0.363556 0.279750 0.032889 0.023000
0 0.356000 0.301625 0.043556 0.027250
0 0.465556 0.330875 0.052000 0.027750
0 0.518000 0.325500 0.032444 0.027000
0 0.549778 0.339500 0.044444 0.050000
0 0.608889 0.334875 0.024889 0.018250
0 0.723556 0.318125 0.062222 0.033750
0 0.784889 0.323625 0.060444 0.025250
0 0.382444 0.375875 0.042222 0.028250
0 0.304000 0.414250 0.070222 0.025500
0 0.293556 0.428750 0.025333 0.012500
0 0.301778 0.445750 0.079111 0.028000
0 0.387778 0.408875 0.061778 0.041250
0 0.435556 0.408625 0.036444 0.032750
0 0.599333 0.416125 0.078667 0.023250
0 0.715778 0.384875 0.048444 0.039250
0 0.772222 0.356750 0.064444 0.037500
0 0.802000 0.405250 0.098222 0.047500
0 0.864667 0.393000 0.045778 0.039000
0 0.850889 0.411500 0.022667 0.008500
0 0.841556 0.460125 0.052889 0.004750
0 0.788222 0.454500 0.065333 0.035500
0 0.698667 0.426875 0.029333 0.013250
0 0.750889 0.464250 0.035111 0.023000
0 0.710667 0.462875 0.022222 0.012250
0 0.570222 0.458000 0.062222 0.067000
0 0.543111 0.497250 0.043556 0.043500
0 0.441556 0.464750 0.020000 0.011000
0 0.397556 0.447375 0.030667 0.018750
0 0.329333 0.508875 0.015111 0.009750
0 0.450444 0.500750 0.046667 0.031500
0 0.424667 0.517750 0.042222 0.018500
0 0.626889 0.531000 0.059111 0.031500
0 0.576667 0.546250 0.051111 0.033500
0 0.484667 0.539750 0.050222 0.023000
0 0.371333 0.546875 0.020000 0.013750
0 0.641778 0.588625 0.033778 0.007250
0 0.702889 0.572375 0.056444 0.027250
0 0.761556 0.539375 0.042222 0.028750
0 0.799111 0.521500 0.085333 0.031000
0 0.869333 0.547000 0.040889 0.012500
0 0.403333 0.586250 0.051111 0.027500
0 0.302222 0.586750 0.045333 0.037000
0 0.293778 0.619000 0.025778 0.029000
0 0.435778 0.609375 0.031556 0.030250
0 0.538889 0.595250 0.031556 0.014500
0 0.568000 0.636500 0.043556 0.036000
0 0.507778 0.649375 0.042222 0.025250
0 0.718667 0.619250 0.066667 0.039500
0 0.852000 0.609375 0.075556 0.036250
0 0.862444 0.665625 0.148889 0.069750
0 0.716000 0.653500 0.014222 0.019000
0 0.664889 0.666875 0.090667 0.057250
0 0.804889 0.692500 0.107556 0.075500
0 0.914000 0.693500 0.085778 0.059000
0 0.862000 0.713875 0.025333 0.025250
0 0.842000 0.743875 0.131111 0.059750
0 0.904000 0.743000 0.018667 0.010000
0 0.641556 0.744250 0.096444 0.058500
0 0.387333 0.665750 0.013778 0.013000
0 0.291778 0.688625 0.014667 0.011250
0 0.387111 0.700250 0.064889 0.023000
0 0.451111 0.724875 0.048000 0.057750
0 0.417333 0.741125 0.037333 0.031250
0 0.387111 0.739625 0.035556 0.038250
0 0.557778 0.760500 0.056000 0.072500
0 0.596444 0.788250 0.025778 0.037000
0 0.861556 0.833875 0.076000 0.072750
0 0.794222 0.786000 0.067556 0.039500
0 0.718000 0.793625 0.068000 0.040250
0 0.793778 0.838125 0.071111 0.053750
0 0.759111 0.857375 0.040000 0.047250
0 0.696000 0.820750 0.093333 0.060000
0 0.609778 0.814500 0.029333 0.017000
0 0.524222 0.796250 0.116889 0.087500
0 0.365556 0.771125 0.061778 0.059250
0 0.372000 0.806875 0.034667 0.030750
0 0.350889 0.838750 0.044889 0.035500
0 0.390000 0.873125 0.014667 0.019750
0 0.486444 0.849875 0.075111 0.061750
0 0.657111 0.866375 0.072444 0.100250
0 0.530444 0.895375 0.055556 0.090750
0 0.528000 0.905000 0.045333 0.049500