0 0.261111 0.125000 0.054667 0.052000
0 0.349111 0.128250 0.047556 0.031000
0 0.438889 0.143625 0.060889 0.062750
0 0.617556 0.171125 0.082222 0.025750
0 0.691333 0.180500 0.087556 0.030500
0 0.328222 0.172375 0.051111 0.055750
0 0.420000 0.199375 0.056000 0.045750
0 0.476667 0.217375 0.052889 0.042250
0 0.553556 0.210000 0.073333 0.029500
0 0.578667 0.225875 0.052444 0.055250
0 0.649333 0.210875 0.057778 0.027750
0 0.710000 0.236250 0.036000 0.018500
0 0.807333 0.295250 0.036000 0.024000
0 0.297778 0.231000 0.065778 0.034000
0 0.339111 0.257500 0.074667 0.027500
0 0.406444 0.240125 0.057333 0.037250
0 0.550889 0.263500 0.085778 0.032000
0 0.602222 0.257750 0.051556 0.027500
0 0.673778 0.297750 0.103111 0.038000
0 0.662000 0.279875 0.051111 0.020750
0 0.756000 0.313250 0.050667 0.021500
0 0.782667 0.378750 0.034667 0.010500
0 0.746000 0.353500 0.076000 0.027000
0 0.310444 0.292875 0.074222 0.039750
0 0.381111 0.291875 0.069778 0.032250
0 0.462667 0.298250 0.078222 0.037000
0 0.303556 0.320750 0.098667 0.043000
0 0.365778 0.341375 0.072000 0.020750
0 0.430444 0.362500 0.076000 0.027000
0 0.494889 0.362125 0.076000 0.025750
0 0.594444 0.386625 0.049333 0.030250
0 0.586889 0.319500 0.009333 0.019500
0 0.657778 0.358750 0.036444 0.027000
0 0.644000 0.386875 0.034667 0.020750
0 0.813556 0.384500 0.036889 0.018500
0 0.795111 0.400875 0.047111 0.015750
0 0.750222 0.409375 0.039111 0.016750
0 0.811556 0.453000 0.040000 0.017000
0 0.729111 0.448000 0.075111 0.024000
0 0.546444 0.418375 0.103556 0.026250
0 0.286667 0.401250 0.045333 0.022000
0 0.381778 0.414125 0.071111 0.025250
0 0.420667 0.424250 0.056444 0.019500
0 0.482444 0.439625 0.082222 0.029750
0 0.563556 0.455250 0.104889 0.021500
0 0.597333 0.464250 0.033778 0.008500
0 0.648667 0.461250 0.019111 0.011500
0 0.807333 0.496750 0.036889 0.017000
0 0.665778 0.512500 0.073778 0.029000
0 0.656444 0.529000 0.052444 0.010000
0 0.771333 0.545875 0.064444 0.013250
0 0.404000 0.456875 0.110222 0.026750
0 0.319111 0.460750 0.091556 0.035500
0 0.459778 0.469750 0.069778 0.026500
0 0.504000 0.490750 0.031111 0.020500
0 0.566667 0.514875 0.041778 0.024250
0 0.598667 0.501750 0.048000 0.024500
0 0.387556 0.496500 0.103111 0.035500
0 0.381778 0.537125 0.112000 0.038750
0 0.320667 0.553500 0.084889 0.021000
0 0.461556 0.551250 0.077778 0.050500
0 0.484889 0.541625 0.027556 0.009750
0 0.577111 0.544375 0.024444 0.022250
0 0.746889 0.563000 0.058222 0.018500
0 0.787778 0.594625 0.041333 0.019750
0 0.646889 0.588625 0.036889 0.038250
0 0.619111 0.570250 0.069333 0.031500
0 0.528667 0.587500 0.067111 0.022000
0 0.579778 0.640375 0.130222 0.036750
0 0.432889 0.607625 0.058667 0.034750
0 0.296667 0.601875 0.070667 0.030250
0 0.356667 0.613875 0.077778 0.052250
0 0.375333 0.603500 0.092889 0.026500
0 0.431111 0.649375 0.071111 0.034750
0 0.672444 0.672250 0.046222 0.032000
0 0.635778 0.680000 0.036000 0.019000
0 0.522222 0.677625 0.045333 0.030750
0 0.302000 0.662000 0.093778 0.037000
0 0.366667 0.663000 0.098667 0.033500
0 0.328000 0.692875 0.087111 0.027250
0 0.423333 0.701250 0.112444 0.042000
0 0.451556 0.692125 0.069333 0.048250
0 0.492222 0.707625 0.031556 0.036750
0 0.720889 0.635375 0.022222 0.011750
0 0.793556 0.697250 0.038667 0.014500
0 0.692667 0.717625 0.027111 0.018750
0 0.808222 0.746750 0.035111 0.017000
0 0.710889 0.747875 0.038667 0.033250
0 0.668222 0.761500 0.079556 0.033500
0 0.580222 0.750875 0.056444 0.050250
0 0.443111 0.738375 0.066667 0.057750
0 0.357333 0.735375 0.050667 0.029750
0 0.299111 0.741375 0.096889 0.034750
0 0.272667 0.791750 0.049333 0.060500
0 0.356222 0.821000 0.055556 0.038500
0 0.501556 0.783000 0.082222 0.050000
0 0.416444 0.779375 0.058667 0.035250
0 0.450000 0.810000 0.074222 0.026000
0 0.780667 0.822750 0.015556 0.012000
0 0.742000 0.839875 0.028000 0.024250
0 0.689333 0.810375 0.038222 0.045250
0 0.628000 0.815875 0.052444 0.053750
0 0.587111 0.813750 0.032000 0.027500
0 0.600889 0.879250 0.094222 0.068000
0 0.497778 0.873750 0.116444 0.067000
0 0.367333 0.863375 0.049333 0.042750
0 0.288000 0.897375 0.083556 0.053250
0 0.230889 0.835750 0.011111 0.005500