0 0.298222 0.144000 0.068444 0.055500
0 0.380889 0.149750 0.062222 0.052000
0 0.516667 0.184250 0.031556 0.034500
0 0.655111 0.168375 0.065778 0.036750
0 0.703111 0.217375 0.070222 0.048250
0 0.576000 0.220875 0.112889 0.113750
0 0.524222 0.221250 0.042222 0.027000
0 0.474000 0.209000 0.053778 0.049500
0 0.318667 0.199625 0.052444 0.057250
0 0.390667 0.233625 0.024000 0.022250
0 0.870222 0.213750 0.104889 0.042000
0 0.838000 0.242125 0.081333 0.050250
0 0.774889 0.253625 0.087556 0.031250
0 0.628222 0.274750 0.086667 0.056000
0 0.334000 0.268750 0.054667 0.028500
0 0.478889 0.295250 0.123111 0.056500
0 0.561111 0.303500 0.031556 0.019000
0 0.674889 0.298500 0.121333 0.073000
0 0.709778 0.278000 0.084444 0.021500
0 0.801333 0.296500 0.058667 0.037500
0 0.842889 0.332250 0.094667 0.026000
0 0.776000 0.352500 0.087111 0.022500
0 0.517556 0.337375 0.083111 0.048750
0 0.318222 0.335250 0.040000 0.029500
0 0.294667 0.313625 0.032889 0.019750
0 0.622889 0.361250 0.108889 0.026500
0 0.532222 0.370750 0.063556 0.017500
0 0.448667 0.404125 0.054667 0.046750
0 0.285111 0.414875 0.050222 0.050750
0 0.264222 0.456750 0.079556 0.048000
0 0.365111 0.469125 0.075111 0.028750
0 0.336667 0.516750 0.046667 0.029500
0 0.295333 0.554000 0.052000 0.073500
0 0.501778 0.450375 0.088889 0.080750
0 0.566000 0.472375 0.096444 0.068750
0 0.641333 0.488125 0.088000 0.024750
0 0.717111 0.485125 0.075111 0.040250
0 0.708222 0.455000 0.050222 0.007500
0 0.758000 0.456125 0.053778 0.011250
0 0.773778 0.479625 0.080889 0.040750
0 0.284222 0.597375 0.048444 0.025250
0 0.376000 0.597625 0.024889 0.032250
0 0.415556 0.550250 0.033778 0.023000
0 0.437333 0.625000 0.060444 0.043500
0 0.480667 0.649875 0.052000 0.030250
0 0.282889 0.721500 0.065333 0.085000
0 0.318222 0.708875 0.044444 0.046750
0 0.236889 0.751125 0.050667 0.057250
0 0.310444 0.799125 0.084889 0.059750
0 0.262222 0.827375 0.032889 0.024250
0 0.307333 0.898500 0.038667 0.058500
0 0.362667 0.906250 0.105778 0.081000
0 0.452889 0.886500 0.048000 0.057500
0 0.399556 0.799500 0.073778 0.054000
0 0.557333 0.847375 0.094222 0.069750
0 0.563778 0.873625 0.098222 0.046250
0 0.610667 0.878250 0.070222 0.071000
0 0.623556 0.822375 0.100444 0.052250
0 0.754444 0.877875 0.115111 0.069250
0 0.824444 0.854875 0.114667 0.042750
0 0.835111 0.832250 0.123556 0.062000
0 0.711111 0.798500 0.119111 0.060500
0 0.674889 0.804000 0.039556 0.030500
0 0.749111 0.766125 0.087556 0.049250
0 0.799778 0.782250 0.068000 0.048500
0 0.823778 0.786875 0.038667 0.018750
0 0.663778 0.744750 0.052889 0.034000
0 0.613778 0.768000 0.040889 0.039000
0 0.559111 0.773125 0.072000 0.031750
0 0.476667 0.782125 0.084889 0.061750
0 0.476000 0.745000 0.067556 0.039000
0 0.460222 0.684250 0.040444 0.047500
0 0.528222 0.690750 0.060000 0.020000
0 0.609556 0.730250 0.058222 0.031500
0 0.615778 0.671625 0.059111 0.010750
0 0.664444 0.673250 0.156444 0.064000
0 0.721556 0.682875 0.081333 0.027750
0 0.794889 0.683250 0.090222 0.025500
0 0.700444 0.648500 0.121778 0.031000
0 0.832889 0.646750 0.104889 0.030000
0 0.802889 0.621750 0.125778 0.035500
0 0.851111 0.594750 0.106667 0.020000
0 0.768444 0.588375 0.040000 0.004750
0 0.684667 0.610000 0.078667 0.047500
0 0.556222 0.600375 0.092889 0.047750
0 0.597778 0.549500 0.168889 0.058500
0 0.712000 0.532875 0.092444 0.027750
0 0.802667 0.570375 0.144000 0.058250
0 0.839556 0.520750 0.093333 0.038500
0 0.817333 0.513500 0.133333 0.042500
0 0.821111 0.445375 0.044000 0.004250
0 0.816222 0.455000 0.037778 0.024500
0 0.826444 0.474625 0.045778 0.013750
0 0.864000 0.421375 0.088889 0.027250
0 0.827778 0.379500 0.094667 0.025000
0 0.845778 0.362875 0.072889 0.021750
0 0.812667 0.415750 0.131111 0.059500
0 0.690667 0.418500 0.049778 0.006500
0 0.647556 0.394625 0.111111 0.031750
0 0.722222 0.401750 0.092444 0.023000
0 0.732000 0.378875 0.072889 0.023750