0 0.319333 0.142125 0.008444 0.016750
0 0.509111 0.141375 0.056444 0.028750
0 0.403111 0.186125 0.044444 0.031750
0 0.418444 0.170125 0.015556 0.007750
0 0.475778 0.200000 0.034222 0.019000
0 0.595333 0.215625 0.027111 0.016750
0 0.624000 0.219250 0.038222 0.016500
0 0.688000 0.260500 0.023111 0.012500
0 0.618222 0.249750 0.021333 0.022500
0 0.544000 0.264375 0.016889 0.007750
0 0.452667 0.249250 0.063556 0.051500
0 0.477333 0.267750 0.044444 0.012500
0 0.474889 0.289000 0.041333 0.022000
0 0.273111 0.190375 0.052889 0.021250
0 0.316222 0.180625 0.038667 0.019750
0 0.320444 0.228875 0.041778 0.018250
0 0.278444 0.255750 0.052889 0.022000
0 0.279556 0.277375 0.071111 0.020250
0 0.402667 0.302000 0.030222 0.023000
0 0.347111 0.286625 0.021333 0.005750
0 0.645778 0.301875 0.037333 0.016250
0 0.501333 0.300000 0.051556 0.024000
0 0.477333 0.338250 0.044444 0.012000
0 0.393778 0.330000 0.025778 0.013000
0 0.351333 0.338500 0.059111 0.036500
0 0.250444 0.344625 0.014667 0.005750
0 0.337333 0.385250 0.049778 0.014000
0 0.411111 0.385750 0.028444 0.014000
0 0.507778 0.394750 0.016444 0.012500
0 0.631778 0.402125 0.026222 0.014750
0 0.622889 0.447875 0.032444 0.016750
0 0.688444 0.453375 0.022222 0.003750
0 0.778222 0.444750 0.029333 0.010500
0 0.414444 0.425250 0.035111 0.014000
0 0.489333 0.435625 0.029333 0.007750
0 0.548444 0.444875 0.024000 0.008250
0 0.478667 0.417750 0.023111 0.008500
0 0.247778 0.402500 0.053778 0.036500
0 0.360889 0.443000 0.065778 0.028500
0 0.257778 0.497375 0.085333 0.022750
0 0.354000 0.494375 0.053778 0.019750
0 0.417333 0.490375 0.024889 0.011750
0 0.464222 0.494500 0.042222 0.014000
0 0.612222 0.485625 0.035111 0.021250
0 0.650000 0.478125 0.017333 0.004250
0 0.273111 0.542250 0.082222 0.049000
0 0.342000 0.515625 0.050222 0.016750
0 0.486222 0.524000 0.045333 0.023000
0 0.562444 0.543750 0.031556 0.016500
0 0.634222 0.545250 0.016000 0.012500
0 0.668889 0.539625 0.016889 0.003250
0 0.771333 0.584375 0.052889 0.030250
0 0.699333 0.615125 0.038667 0.018750
0 0.428444 0.567500 0.067556 0.025500
0 0.476222 0.589375 0.033333 0.015250
0 0.548444 0.596375 0.027556 0.014750
0 0.623556 0.576750 0.027556 0.015000
0 0.260444 0.570000 0.042667 0.011000
0 0.311111 0.581750 0.047111 0.020000
0 0.394889 0.632000 0.053778 0.037000
0 0.236000 0.621375 0.054222 0.019750
0 0.217556 0.662750 0.052889 0.035000
0 0.295333 0.647750 0.060000 0.037000
0 0.535111 0.616875 0.021333 0.008750
0 0.738889 0.655500 0.015556 0.014000
0 0.656444 0.678125 0.045333 0.040750
0 0.688889 0.667500 0.023111 0.012000
0 0.546222 0.669500 0.028444 0.023500
0 0.454667 0.677250 0.041778 0.023500
0 0.382667 0.697125 0.042667 0.052750
0 0.310000 0.683500 0.058222 0.049500
0 0.280889 0.721625 0.070222 0.045250
0 0.195778 0.782750 0.048444 0.065500
0 0.189111 0.875250 0.053778 0.038000
0 0.201333 0.881875 0.027556 0.055250
0 0.274000 0.830750 0.065333 0.050000
0 0.264000 0.807875 0.045333 0.018750
0 0.331778 0.832250 0.100000 0.060500
0 0.333333 0.863250 0.050667 0.050500
0 0.434667 0.829750 0.081778 0.050000
0 0.482222 0.863125 0.050667 0.019750
0 0.480889 0.814125 0.049778 0.043750
0 0.544889 0.815625 0.020444 0.038750
0 0.637333 0.829750 0.092444 0.078000
0 0.659556 0.859625 0.081778 0.047250
0 0.729111 0.850500 0.084889 0.038500
0 0.683111 0.818250 0.048889 0.053000
0 0.758889 0.819750 0.033333 0.015500
0 0.732889 0.754375 0.088889 0.028750
0 0.665111 0.758625 0.060889 0.040250
0 0.611556 0.755000 0.029333 0.027500
0 0.516889 0.767750 0.064889 0.051000
0 0.563778 0.778125 0.052889 0.037250
0 0.457778 0.764500 0.035556 0.026000
0 0.448889 0.725750 0.017778 0.017000
0 0.369333 0.763000 0.062222 0.026000
0 0.301778 0.768750 0.074667 0.047000
0 0.753556 0.716125 0.015556 0.011250
0 0.684444 0.713500 0.024000 0.024000
0 0.546222 0.720625 0.045333 0.033750