0 0.396667 0.136500 0.079556 0.047000
0 0.473333 0.142000 0.056889 0.019500
0 0.289111 0.177000 0.057333 0.028000
0 0.258000 0.229375 0.058222 0.032750
0 0.396667 0.233625 0.064444 0.045750
0 0.609333 0.243500 0.043556 0.034500
0 0.636667 0.159250 0.058222 0.031500
0 0.646889 0.205750 0.065333 0.028000
0 0.699778 0.193375 0.051111 0.051250
0 0.736222 0.206500 0.028889 0.018000
0 0.759111 0.175000 0.065778 0.015500
0 0.833556 0.179750 0.020000 0.024000
0 0.848000 0.207750 0.082667 0.031000
0 0.811333 0.252125 0.098222 0.023250
0 0.868444 0.301250 0.104889 0.034500
0 0.745333 0.306500 0.048889 0.022500
0 0.704000 0.336000 0.073778 0.036500
0 0.578667 0.319375 0.039111 0.017250
0 0.356889 0.313375 0.048889 0.039750
0 0.297778 0.335500 0.021333 0.012500
0 0.312444 0.388125 0.059556 0.058250
0 0.369111 0.419375 0.015556 0.007750
0 0.292889 0.473750 0.054222 0.025000
0 0.539556 0.472875 0.043556 0.020750
0 0.569111 0.437125 0.036889 0.013750
0 0.476222 0.384375 0.006667 0.006750
0 0.506222 0.375625 0.006222 0.009750
0 0.645111 0.383000 0.020000 0.005500
0 0.758222 0.380250 0.040000 0.012500
0 0.791333 0.360125 0.026222 0.004750
0 0.821556 0.377250 0.030667 0.006500
0 0.777111 0.413000 0.048444 0.016500
0 0.702000 0.424375 0.069778 0.025750
0 0.844222 0.471250 0.041333 0.008000
0 0.703333 0.473250 0.022667 0.003500
0 0.638889 0.474625 0.046667 0.014750
0 0.460667 0.465250 0.011111 0.007000
0 0.410000 0.477500 0.019111 0.004500
0 0.336667 0.423250 0.016444 0.012500
0 0.461778 0.518750 0.024889 0.009000
0 0.706222 0.533875 0.079111 0.024750
0 0.853111 0.529000 0.049333 0.010000
0 0.893333 0.568250 0.133333 0.029000
0 0.765333 0.564250 0.054222 0.015500
0 0.684667 0.563500 0.020000 0.005500
0 0.703111 0.593375 0.031111 0.008250
0 0.745556 0.604625 0.011111 0.007250
0 0.864000 0.609625 0.058667 0.015250
0 0.839111 0.592125 0.010667 0.003750
0 0.620667 0.558500 0.035111 0.016500
0 0.552000 0.564750 0.052444 0.024000
0 0.444444 0.548000 0.031111 0.024000
0 0.410222 0.552000 0.032889 0.011500
0 0.300000 0.567000 0.072889 0.023000
0 0.365778 0.575250 0.036444 0.021500
0 0.399333 0.590000 0.024444 0.009000
0 0.478444 0.603375 0.024444 0.015250
0 0.549333 0.620375 0.086222 0.041250
0 0.637111 0.631500 0.046667 0.025000
0 0.642000 0.605125 0.027111 0.021250
0 0.769778 0.630375 0.028444 0.007250
0 0.828889 0.640500 0.040889 0.018500
0 0.845333 0.684375 0.100444 0.042250
0 0.866222 0.721625 0.066667 0.023250
0 0.869556 0.773250 0.104444 0.049500
0 0.795111 0.797125 0.054222 0.032250
0 0.767111 0.803000 0.028444 0.012000
0 0.693556 0.820625 0.028889 0.026750
0 0.559556 0.805875 0.052444 0.024250
0 0.496222 0.842500 0.036889 0.050500
0 0.384444 0.853125 0.034667 0.056750
0 0.363556 0.855000 0.082667 0.065000
0 0.518889 0.759500 0.137333 0.065000
0 0.408667 0.746375 0.046667 0.039250
0 0.314444 0.740000 0.021778 0.026500
0 0.266889 0.724500 0.066222 0.046000
0 0.294222 0.661000 0.014222 0.009500
0 0.360444 0.695625 0.064000 0.031750
0 0.424444 0.685000 0.059556 0.046500
0 0.490444 0.710250 0.052889 0.030000
0 0.634222 0.690875 0.052444 0.024750
0 0.659333 0.720625 0.065333 0.024750
0 0.649333 0.742125 0.069333 0.040250
0 0.666667 0.760500 0.008889 0.010500
0 0.763778 0.753750 0.041333 0.052000
0 0.777333 0.689750 0.040000 0.019000
0 0.347556 0.626375 0.028444 0.024250