0 0.880000 0.076875 0.140444 0.107250
0 0.847333 0.156625 0.098222 0.038250
0 0.775556 0.176875 0.087111 0.037750
0 0.763556 0.221250 0.051556 0.018000
0 0.322000 0.085375 0.063556 0.079250
0 0.168222 0.052250 0.051111 0.079500
0 0.165111 0.132000 0.076889 0.048500
0 0.286667 0.169625 0.157333 0.057750
0 0.160000 0.252250 0.111111 0.120500
0 0.303778 0.270500 0.055556 0.046000
0 0.227333 0.246625 0.037778 0.032250
0 0.439333 0.136625 0.073333 0.044750
0 0.501333 0.068875 0.079111 0.137250
0 0.598000 0.051375 0.122222 0.102250
0 0.602222 0.111625 0.140444 0.094750
0 0.641333 0.084375 0.063111 0.054250
0 0.759556 0.072750 0.102222 0.086500
0 0.599333 0.185875 0.122222 0.052750
0 0.385333 0.175750 0.048000 0.050000
0 0.424667 0.227500 0.080444 0.084000
0 0.538000 0.241625 0.082222 0.036250
0 0.639333 0.265000 0.187111 0.035500
0 0.619778 0.246750 0.077778 0.022000
0 0.494222 0.286000 0.090667 0.029500
0 0.424222 0.304375 0.108000 0.050250
0 0.175111 0.367625 0.049778 0.034750
0 0.373333 0.362625 0.054222 0.046250
0 0.409556 0.385625 0.067111 0.047750
0 0.321556 0.421625 0.106222 0.033750
0 0.217778 0.432875 0.066667 0.019750
0 0.192222 0.479750 0.088444 0.029500
0 0.391111 0.528125 0.043556 0.018250
0 0.513111 0.480125 0.049333 0.027750
0 0.174000 0.544875 0.086667 0.061750
0 0.507333 0.525250 0.081333 0.046500
0 0.174889 0.595125 0.028889 0.027750
0 0.153333 0.634375 0.064889 0.056250
0 0.334889 0.668000 0.115111 0.046500
0 0.143111 0.707250 0.032000 0.023500
0 0.275556 0.736125 0.055111 0.051250
0 0.302444 0.751875 0.039556 0.023250
0 0.168000 0.788750 0.098667 0.074500
0 0.319333 0.861500 0.095556 0.070000
0 0.284444 0.870500 0.030222 0.023000
0 0.176000 0.940375 0.070222 0.114250
0 0.432667 0.841500 0.103556 0.072000
0 0.384000 0.876625 0.029333 0.064250
0 0.710667 0.911750 0.087111 0.086000
0 0.412667 0.804750 0.028889 0.031500
0 0.454889 0.734875 0.148000 0.065750
0 0.416667 0.676750 0.107111 0.061000
0 0.462444 0.698500 0.068000 0.031500
0 0.511778 0.721250 0.131111 0.051500
0 0.600667 0.792875 0.096444 0.026750
0 0.622444 0.742000 0.092000 0.023500
0 0.691333 0.772875 0.056444 0.048750
0 0.792222 0.296125 0.098222 0.047250
0 0.799111 0.321375 0.048889 0.018750
0 0.722667 0.306500 0.081778 0.052500
0 0.636444 0.310125 0.105778 0.031750
0 0.496667 0.379875 0.052000 0.020250
0 0.505111 0.419500 0.076000 0.049500
0 0.618889 0.409625 0.120444 0.036750
0 0.698444 0.423250 0.031556 0.024500
0 0.788444 0.500625 0.092444 0.030250
0 0.816000 0.433625 0.063111 0.017250
0 0.833556 0.457375 0.101778 0.031250
0 0.646222 0.492125 0.168000 0.070750
0 0.308222 0.501875 0.085778 0.084750
0 0.281778 0.546375 0.059556 0.064750
0 0.389111 0.580875 0.053778 0.030750
0 0.333556 0.602625 0.122222 0.058250
0 0.221333 0.531750 0.026667 0.022000
0 0.631778 0.544000 0.120444 0.067000
0 0.911333 0.582000 0.177333 0.048500
0 0.714667 0.588500 0.028444 0.015500
0 0.826222 0.648250 0.096000 0.038000
0 0.805111 0.687000 0.116889 0.032500
0 0.681111 0.691375 0.035111 0.027750
0 0.614222 0.699500 0.066667 0.029000
0 0.657778 0.707000 0.046222 0.026500
0 0.586000 0.650750 0.097333 0.034000
0 0.509778 0.646375 0.112889 0.047750
0 0.591111 0.594625 0.120000 0.043250
0 0.653778 0.580625 0.063111 0.029250
0 0.622444 0.475625 0.032444 0.024750
0 0.775556 0.400500 0.116444 0.026500
0 0.639333 0.350500 0.100000 0.036500
0 0.607333 0.359875 0.092889 0.054750
0 0.834222 0.375500 0.070222 0.033500
0 0.766222 0.378250 0.112889 0.020500
0 0.491111 0.825875 0.047111 0.056750
0 0.702444 0.846250 0.067111 0.043500
0 0.779111 0.885625 0.063111 0.053250
0 0.889556 0.910125 0.103556 0.074250
0 0.904222 0.890375 0.164000 0.099750
0 0.991111 0.870625 0.017778 0.039250
0 0.842000 0.795000 0.180000 0.122500
0 0.893111 0.777375 0.196889 0.072250
0 0.759778 0.809625 0.077778 0.041250
0 0.653556 0.812125 0.046667 0.033750
0 0.631111 0.212125 0.066667 0.046750
0 0.331778 0.176000 0.065333 0.049000
0 0.764444 0.252875 0.032889 0.023250
0 0.858000 0.217375 0.089333 0.044750
0 0.848444 0.245875 0.126222 0.045750
0 0.451111 0.601250 0.018667 0.016500
0 0.194889 0.790750 0.052000 0.048500