0 0.256889 0.130625 0.051556 0.045750
0 0.335778 0.145875 0.046667 0.057250
0 0.432000 0.174375 0.012444 0.020250
0 0.610222 0.170250 0.032889 0.021500
0 0.624667 0.170875 0.034222 0.027250
0 0.745111 0.153375 0.052889 0.051750
0 0.819778 0.202750 0.036889 0.009000
0 0.726667 0.221125 0.071111 0.025750
0 0.657556 0.226125 0.057333 0.023750
0 0.603556 0.225375 0.032000 0.011250
0 0.610889 0.239500 0.048444 0.016000
0 0.493333 0.224125 0.021333 0.020750
0 0.424000 0.239875 0.045333 0.036750
0 0.355778 0.246125 0.057333 0.038750
0 0.268444 0.213125 0.017778 0.022750
0 0.268444 0.266375 0.028444 0.023250
0 0.285111 0.292875 0.025333 0.026250
0 0.242222 0.345500 0.049778 0.021000
0 0.348444 0.326125 0.046222 0.033250
0 0.345778 0.355625 0.026667 0.030250
0 0.521556 0.242375 0.026222 0.029750
0 0.533556 0.266375 0.048444 0.023250
0 0.522444 0.295875 0.047556 0.026250
0 0.545333 0.320500 0.095111 0.025500
0 0.438889 0.351125 0.085778 0.039250
0 0.504000 0.347625 0.076444 0.028750
0 0.607111 0.326500 0.034667 0.015000
0 0.655778 0.264625 0.047556 0.051750
0 0.733111 0.257500 0.045778 0.031500
0 0.807556 0.244000 0.033778 0.009500
0 0.808667 0.262500 0.031556 0.019000
0 0.733111 0.320500 0.049333 0.025500
0 0.677111 0.343375 0.085778 0.029750
0 0.570000 0.362750 0.030667 0.003000
0 0.800222 0.362500 0.048444 0.012000
0 0.789111 0.412750 0.058222 0.016000
0 0.714667 0.407500 0.061333 0.028000
0 0.604000 0.416125 0.060444 0.016750
0 0.443333 0.405875 0.102667 0.026250
0 0.250667 0.399500 0.039111 0.025000
0 0.334667 0.437250 0.038222 0.019500
0 0.351556 0.469625 0.038222 0.028750
0 0.248000 0.507125 0.033778 0.014250
0 0.288667 0.529875 0.047556 0.020250
0 0.320444 0.521125 0.037333 0.035250
0 0.348000 0.512875 0.022222 0.026750
0 0.337778 0.554500 0.032000 0.022000
0 0.302444 0.595875 0.043111 0.032250
0 0.461556 0.451250 0.052889 0.019000
0 0.445778 0.482125 0.063111 0.022750
0 0.428222 0.503875 0.064444 0.018250
0 0.494000 0.532375 0.079556 0.026750
0 0.450000 0.547625 0.123111 0.026250
0 0.453333 0.572375 0.055111 0.020750
0 0.518222 0.464875 0.043556 0.034750
0 0.591778 0.444750 0.126667 0.034500
0 0.660000 0.436000 0.072889 0.038500
0 0.717778 0.461625 0.038222 0.017250
0 0.714000 0.481000 0.041333 0.021500
0 0.606667 0.490125 0.070222 0.029250
0 0.719778 0.535375 0.048444 0.020750
0 0.720889 0.585375 0.044444 0.032750
0 0.666444 0.594625 0.047556 0.019250
0 0.793333 0.658625 0.060444 0.049250
0 0.760222 0.628250 0.097333 0.028000
0 0.838000 0.701625 0.095556 0.040750
0 0.820667 0.707625 0.059111 0.017250
0 0.601333 0.599750 0.080000 0.027500
0 0.564222 0.622500 0.116889 0.026000
0 0.649111 0.652500 0.054667 0.038500
0 0.682444 0.668750 0.032444 0.019000
0 0.500667 0.595375 0.030667 0.009250
0 0.525333 0.637000 0.048000 0.022000
0 0.462000 0.636375 0.073333 0.045750
0 0.352222 0.653375 0.081333 0.053750
0 0.262444 0.639625 0.055556 0.033250
0 0.402667 0.670750 0.050667 0.037500
0 0.475333 0.691125 0.098222 0.045750
0 0.518889 0.726750 0.074222 0.025500
0 0.596667 0.682000 0.077778 0.037000
0 0.652667 0.726750 0.063556 0.050500
0 0.722667 0.727500 0.061333 0.038500
0 0.786444 0.752875 0.074222 0.025750
0 0.797556 0.798625 0.062667 0.032750
0 0.753111 0.805750 0.074222 0.027000
0 0.757778 0.841375 0.053333 0.032750
0 0.741111 0.861750 0.074222 0.058000
0 0.729111 0.852125 0.083111 0.042750
0 0.703111 0.861750 0.097778 0.061000
0 0.631778 0.803625 0.050222 0.026250
0 0.490667 0.838250 0.036444 0.061000
0 0.441333 0.817875 0.044444 0.045250
0 0.455111 0.864250 0.048000 0.035000
0 0.374889 0.877125 0.043111 0.060250
0 0.241111 0.842000 0.031556 0.036000
0 0.276444 0.810625 0.044444 0.031750
0 0.257778 0.769000 0.039111 0.029500
0 0.243556 0.736000 0.089778 0.036500
0 0.241556 0.701000 0.023556 0.025000
0 0.355778 0.737375 0.055556 0.043750
0 0.397556 0.768750 0.018222 0.018500
0 0.422667 0.740000 0.048000 0.062500
0 0.510222 0.775500 0.043556 0.038500
0 0.604222 0.764875 0.074222 0.022250
0 0.682667 0.773750 0.066667 0.040000
0 0.695778 0.754750 0.035111 0.015500