0 0.390222 0.140250 0.045333 0.066000
0 0.406222 0.207125 0.072889 0.045250
0 0.510222 0.226500 0.078222 0.037500
0 0.620889 0.185125 0.032889 0.036750
0 0.624444 0.213500 0.061333 0.053000
0 0.699778 0.195250 0.036000 0.024000
0 0.736889 0.188750 0.044444 0.037000
0 0.692444 0.238375 0.065778 0.029250
0 0.746444 0.225875 0.036000 0.041250
0 0.787111 0.247875 0.051556 0.051750
0 0.811333 0.278250 0.102667 0.024500
0 0.618889 0.275000 0.024444 0.015500
0 0.676667 0.274625 0.019111 0.007750
0 0.834222 0.300625 0.048889 0.022750
0 0.768222 0.304125 0.030667 0.027250
0 0.696667 0.301750 0.086667 0.027500
0 0.619778 0.299625 0.081333 0.042250
0 0.618889 0.315500 0.043111 0.016500
0 0.523111 0.274500 0.015111 0.009500
0 0.526222 0.245625 0.099556 0.042250
0 0.304444 0.275625 0.049778 0.026250
0 0.373333 0.299375 0.060444 0.035750
0 0.333778 0.311625 0.033778 0.007750
0 0.481778 0.275625 0.050667 0.023750
0 0.525556 0.317875 0.119556 0.033250
0 0.548889 0.343125 0.034667 0.017250
0 0.611778 0.353875 0.052889 0.049250
0 0.652222 0.359250 0.046667 0.035000
0 0.742000 0.370250 0.048444 0.019000
0 0.784444 0.378875 0.021333 0.005250
0 0.783333 0.410125 0.068000 0.028750
0 0.687111 0.394000 0.027556 0.015500
0 0.694889 0.407750 0.036889 0.019000
0 0.599111 0.392250 0.095111 0.025000
0 0.539333 0.403875 0.047556 0.033750
0 0.369556 0.392250 0.063556 0.027500
0 0.284444 0.403250 0.045333 0.030500
0 0.305556 0.438875 0.015556 0.007750
0 0.463333 0.442625 0.036889 0.020750
0 0.634222 0.441750 0.040000 0.021500
0 0.696222 0.459000 0.064444 0.040500
0 0.841111 0.454750 0.043111 0.007000
0 0.828444 0.490500 0.017778 0.016500
0 0.827333 0.527375 0.030667 0.005750
0 0.771778 0.523500 0.040444 0.027000
0 0.694889 0.519375 0.053778 0.030250
0 0.676444 0.495500 0.038222 0.019500
0 0.644222 0.528375 0.047556 0.026750
0 0.568667 0.490750 0.057333 0.024500
0 0.458444 0.496750 0.048444 0.019500
0 0.363778 0.497375 0.020000 0.014750
0 0.607333 0.550875 0.044889 0.025250
0 0.656889 0.577125 0.036444 0.022750
0 0.830889 0.624875 0.065333 0.024250
0 0.755778 0.603000 0.052000 0.045000
0 0.750889 0.623875 0.047556 0.045750
0 0.697778 0.619625 0.059556 0.018250
0 0.628889 0.609000 0.050667 0.036500
0 0.549556 0.591750 0.080444 0.040000
0 0.535111 0.556875 0.027556 0.015750
0 0.541111 0.537500 0.056444 0.024000
0 0.619778 0.638375 0.056444 0.032250
0 0.674667 0.664250 0.042667 0.020000
0 0.735333 0.665500 0.044889 0.025000
0 0.766889 0.685000 0.064444 0.032000
0 0.752000 0.707500 0.063111 0.046000
0 0.810222 0.732875 0.053333 0.023750
0 0.764000 0.746500 0.045333 0.032500
0 0.796000 0.774875 0.026667 0.024250
0 0.762889 0.788750 0.050222 0.058500
0 0.747778 0.853500 0.058222 0.080000
0 0.694667 0.819625 0.071111 0.031750
0 0.631556 0.841875 0.061333 0.051750
0 0.535556 0.829500 0.036444 0.036500
0 0.564000 0.795750 0.053333 0.036500
0 0.655556 0.784125 0.027556 0.010750
0 0.471778 0.812750 0.047556 0.040000
0 0.492889 0.841750 0.037333 0.030500
0 0.388222 0.850000 0.024444 0.037000
0 0.349111 0.868500 0.088444 0.070500
0 0.290667 0.840125 0.017778 0.022750
0 0.359111 0.808750 0.040889 0.038000
0 0.401778 0.767000 0.056000 0.039000
0 0.330444 0.718250 0.059111 0.033000
0 0.484667 0.742750 0.061778 0.016500
0 0.526000 0.738250 0.017333 0.018000
0 0.622889 0.749375 0.058222 0.025750
0 0.697333 0.713750 0.043556 0.048500
0 0.604667 0.701250 0.047556 0.022500
0 0.553333 0.673375 0.042667 0.028250
0 0.398222 0.646500 0.043556 0.030000
0 0.416444 0.679125 0.066667 0.039750
0 0.474667 0.676000 0.048889 0.021000
0 0.496667 0.698875 0.048444 0.017750
0 0.556222 0.716750 0.060889 0.023000
0 0.477111 0.633750 0.053778 0.030500
0 0.539778 0.620500 0.036000 0.012000
0 0.718667 0.592750 0.040889 0.032000
0 0.308667 0.629500 0.013778 0.007500
0 0.320667 0.594250 0.029778 0.019000
0 0.390222 0.581625 0.021333 0.005750
0 0.358889 0.530000 0.047556 0.010000
0 0.412667 0.545625 0.056444 0.050250
0 0.425778 0.560500 0.028444 0.017000
0 0.452000 0.534625 0.025778 0.015750
0 0.622667 0.480625 0.011556 0.005250
0 0.550000 0.456750 0.014667 0.006000
0 0.401778 0.346625 0.043556 0.011750
0 0.832667 0.259125 0.028000 0.008750
0 0.799778 0.205000 0.012000 0.011000