0 0.345111 0.146500 0.050222 0.054500
0 0.408000 0.172000 0.024889 0.026500
0 0.384667 0.222375 0.036889 0.018750
0 0.346667 0.255250 0.048000 0.032000
0 0.291111 0.301375 0.097778 0.053250
0 0.431778 0.234000 0.043111 0.017000
0 0.522222 0.221750 0.064889 0.056500
0 0.567111 0.220125 0.052444 0.037750
0 0.672000 0.191125 0.088889 0.054250
0 0.709556 0.178375 0.055556 0.042250
0 0.760889 0.185500 0.081778 0.051500
0 0.755556 0.214375 0.079111 0.043250
0 0.822667 0.206250 0.056889 0.017000
0 0.846444 0.227000 0.132889 0.039500
0 0.670000 0.234375 0.022667 0.010750
0 0.762444 0.276000 0.081333 0.059500
0 0.864667 0.286125 0.139111 0.041750
0 0.710889 0.275875 0.093778 0.031750
0 0.589778 0.263750 0.068444 0.025500
0 0.592889 0.284500 0.064889 0.019500
0 0.512444 0.275875 0.043556 0.024250
0 0.379111 0.314375 0.061333 0.041750
0 0.452444 0.317500 0.034667 0.029500
0 0.508667 0.347250 0.049333 0.044500
0 0.606000 0.333625 0.030667 0.006750
0 0.675556 0.333250 0.051556 0.017500
0 0.758000 0.343125 0.047556 0.021250
0 0.885333 0.367375 0.145778 0.029250
0 0.769111 0.379000 0.087556 0.025000
0 0.618444 0.372875 0.100889 0.027250
0 0.672222 0.384875 0.060000 0.021750
0 0.745111 0.412625 0.052000 0.013250
0 0.847333 0.439375 0.143556 0.038750
0 0.682000 0.415875 0.057333 0.028750
0 0.678444 0.445625 0.036889 0.015250
0 0.624667 0.445875 0.080444 0.019750
0 0.563556 0.424250 0.024889 0.023500
0 0.495556 0.484875 0.047111 0.016250
0 0.588000 0.496375 0.030222 0.012250
0 0.667333 0.520375 0.036889 0.009750
0 0.774444 0.496375 0.084000 0.020250
0 0.855333 0.515625 0.087556 0.033750
0 0.855556 0.565625 0.170667 0.048750
0 0.790667 0.576500 0.101333 0.025000
0 0.832667 0.595125 0.106222 0.030250
0 0.770222 0.626375 0.088000 0.038250
0 0.847111 0.652125 0.099556 0.022750
0 0.790667 0.661875 0.116444 0.045250
0 0.802889 0.677875 0.061778 0.025750
0 0.750889 0.695875 0.073333 0.044250
0 0.831333 0.714125 0.078667 0.031750
0 0.699111 0.698375 0.032000 0.019750
0 0.633111 0.678000 0.013778 0.006000
0 0.653111 0.613375 0.016444 0.006250
0 0.664222 0.630375 0.033333 0.007750
0 0.753333 0.757000 0.107556 0.052000
0 0.819778 0.773625 0.068000 0.033250
0 0.766222 0.841500 0.123556 0.066500
0 0.764889 0.794625 0.104000 0.065250
0 0.732444 0.877125 0.065778 0.056250
0 0.691333 0.888500 0.098222 0.071000
0 0.648444 0.820125 0.038222 0.028750
0 0.650222 0.768750 0.015111 0.009000
0 0.615111 0.788125 0.044444 0.025750
0 0.610667 0.827375 0.048000 0.028750
0 0.624444 0.871500 0.103111 0.092500
0 0.529556 0.867375 0.048444 0.079250
0 0.470000 0.858750 0.066222 0.075000
0 0.500889 0.907750 0.024000 0.034000
0 0.419556 0.897375 0.024889 0.043750
0 0.381556 0.918125 0.050222 0.069750
0 0.297556 0.943000 0.095556 0.114000
0 0.375333 0.849125 0.023556 0.033250
0 0.262889 0.834000 0.134667 0.074500
0 0.255778 0.781500 0.048444 0.060000
0 0.374667 0.805500 0.047111 0.039500
0 0.381556 0.767000 0.036000 0.036000
0 0.286444 0.734500 0.055556 0.053000
0 0.556222 0.764750 0.108000 0.051500
0 0.679111 0.750500 0.083556 0.057500
0 0.307556 0.685625 0.060444 0.056750
0 0.394222 0.691250 0.106667 0.071000
0 0.394444 0.710875 0.076889 0.044750
0 0.447778 0.668250 0.082222 0.051500
0 0.551333 0.662500 0.078667 0.042000
0 0.573778 0.643375 0.016889 0.017750
0 0.637778 0.588375 0.026667 0.009750
0 0.652222 0.564625 0.044000 0.020250
0 0.565778 0.545000 0.018667 0.005000
0 0.544889 0.574625 0.064000 0.028750
0 0.521333 0.598375 0.025778 0.006750
0 0.316444 0.606875 0.012444 0.007750
0 0.339778 0.572500 0.033333 0.022500
0 0.414000 0.563875 0.012889 0.009250
0 0.290222 0.522000 0.040889 0.025500
0 0.354667 0.528875 0.027556 0.027250
0 0.430000 0.526500 0.034222 0.023000
0 0.510667 0.525875 0.018667 0.015750
0 0.418222 0.461875 0.023111 0.018250
0 0.367556 0.469875 0.073778 0.023750
0 0.363778 0.433750 0.037778 0.011000
0 0.270222 0.432250 0.067556 0.027500
0 0.428889 0.398250 0.096000 0.073500
0 0.397556 0.354625 0.123111 0.048750
0 0.266889 0.373250 0.029778 0.021000