0 0.334000 0.178625 0.011111 0.018250
0 0.447556 0.169750 0.015111 0.023000
0 0.517556 0.170000 0.041333 0.022500
0 0.599333 0.188375 0.081333 0.042250
0 0.658000 0.184000 0.077778 0.041000
0 0.682000 0.195875 0.092000 0.075750
0 0.738222 0.175125 0.057778 0.041250
0 0.778222 0.212000 0.100444 0.056000
0 0.811333 0.208500 0.019111 0.008500
0 0.769556 0.273750 0.136444 0.072500
0 0.772222 0.289875 0.052889 0.015250
0 0.589333 0.252125 0.033778 0.013750
0 0.516889 0.211250 0.042667 0.022500
0 0.455778 0.206875 0.047556 0.041750
0 0.448222 0.239875 0.093778 0.067250
0 0.463778 0.255500 0.063556 0.029500
0 0.361778 0.217750 0.024889 0.027000
0 0.293333 0.208250 0.048000 0.028500
0 0.332444 0.267000 0.081778 0.044500
0 0.380889 0.267625 0.024889 0.013250
0 0.577111 0.282500 0.033333 0.012000
0 0.492222 0.325125 0.012889 0.026750
0 0.551778 0.303500 0.081333 0.029000
0 0.613778 0.292375 0.074667 0.032750
0 0.687556 0.259375 0.085333 0.035250
0 0.732444 0.319250 0.042667 0.015500
0 0.816000 0.317625 0.069333 0.024250
0 0.806444 0.328500 0.070667 0.026500
0 0.675333 0.326375 0.102667 0.043250
0 0.393778 0.306875 0.040889 0.017750
0 0.393333 0.315750 0.047111 0.015500
0 0.306667 0.327625 0.054222 0.050250
0 0.364000 0.355625 0.055111 0.023250
0 0.311111 0.366750 0.041778 0.016000
0 0.481556 0.374250 0.065333 0.023000
0 0.567111 0.358250 0.026667 0.005500
0 0.655556 0.374750 0.048000 0.016000
0 0.756444 0.373000 0.096889 0.026000
0 0.760444 0.380375 0.124444 0.012750
0 0.800000 0.414750 0.054222 0.010000
0 0.734667 0.403250 0.085333 0.018500
0 0.681778 0.419875 0.072000 0.019750
0 0.631556 0.408375 0.032000 0.011750
0 0.506222 0.396750 0.059556 0.027500
0 0.440444 0.404750 0.071111 0.024000
0 0.352444 0.406000 0.053333 0.017000
0 0.298444 0.406875 0.035111 0.022250
0 0.265333 0.464625 0.054222 0.036750
0 0.374444 0.447250 0.022667 0.007500
0 0.362889 0.469875 0.020889 0.009750
0 0.444444 0.447250 0.050667 0.044500
0 0.499778 0.449750 0.044000 0.041000
0 0.600444 0.429500 0.077333 0.027000
0 0.636222 0.447875 0.066222 0.016750
0 0.796222 0.457125 0.052000 0.012750
0 0.702444 0.459625 0.100889 0.041250
0 0.751556 0.492375 0.069333 0.015250
0 0.798889 0.485625 0.030667 0.019750
0 0.601111 0.480875 0.055556 0.042250
0 0.555556 0.485000 0.075556 0.030500
0 0.532444 0.505250 0.030222 0.008500
0 0.308667 0.497375 0.039556 0.009250
0 0.375111 0.504500 0.058667 0.023500
0 0.454889 0.514250 0.071556 0.026500
0 0.498889 0.507750 0.036889 0.021500
0 0.297556 0.550875 0.039556 0.026250
0 0.384444 0.534375 0.070222 0.039750
0 0.459111 0.559375 0.080889 0.035250
0 0.537333 0.541625 0.049778 0.038250
0 0.590444 0.532625 0.009333 0.007750
0 0.648444 0.549750 0.048889 0.022500
0 0.768667 0.561125 0.132000 0.032750
0 0.796444 0.557125 0.074667 0.028250
0 0.803778 0.583375 0.086667 0.022250
0 0.730889 0.581625 0.038667 0.024250
0 0.619556 0.600000 0.084444 0.030000
0 0.736667 0.636875 0.099111 0.048250
0 0.791333 0.635750 0.027111 0.019500
0 0.306667 0.583750 0.036444 0.014000
0 0.392444 0.596000 0.093333 0.045500
0 0.460889 0.601250 0.064889 0.042000
0 0.509111 0.589375 0.069778 0.025250
0 0.525556 0.648625 0.053778 0.071750
0 0.604222 0.650375 0.059111 0.057750
0 0.594667 0.662750 0.061333 0.026000
0 0.724444 0.693750 0.067556 0.053500
0 0.297778 0.638375 0.023111 0.009250
0 0.294000 0.651500 0.028889 0.027500
0 0.245333 0.682125 0.061333 0.032750
0 0.302222 0.704375 0.055111 0.044750
0 0.305556 0.775750 0.054667 0.098000
0 0.250000 0.803125 0.032444 0.022250
0 0.281333 0.891750 0.046222 0.068000
0 0.368667 0.868250 0.079556 0.054000
0 0.373778 0.838500 0.057778 0.067500
0 0.371111 0.752500 0.072889 0.059000
0 0.420000 0.747250 0.042667 0.058500
0 0.380889 0.789750 0.035556 0.031000
0 0.425333 0.806250 0.085333 0.042500
0 0.467556 0.834500 0.036444 0.017000
0 0.517778 0.873750 0.074667 0.063500
0 0.479333 0.815000 0.063556 0.055500
0 0.578889 0.848250 0.019111 0.019500
0 0.553556 0.812000 0.069778 0.062000
0 0.585111 0.801000 0.024444 0.021500
0 0.683111 0.825875 0.048889 0.018250
0 0.768222 0.813000 0.056444 0.029000
0 0.679778 0.759625 0.079556 0.056250
0 0.685778 0.793375 0.043556 0.029750
0 0.698667 0.785625 0.044444 0.022750
0 0.525333 0.765500 0.040889 0.031500
0 0.486889 0.750125 0.098222 0.053250
0 0.472667 0.721750 0.027111 0.013500
0 0.687111 0.718000 0.072889 0.033000
0 0.719778 0.723000 0.064444 0.050000
0 0.750222 0.752875 0.078222 0.035750
0 0.809556 0.788875 0.070667 0.036750
0 0.780444 0.715500 0.048889 0.008000
0 0.770667 0.688750 0.037333 0.008500
0 0.753111 0.665250 0.102667 0.030000
0 0.815778 0.684250 0.107111 0.051000
0 0.492667 0.675750 0.007556 0.014000
0 0.425556 0.676875 0.035111 0.030750
0 0.381556 0.671625 0.061778 0.026750
0 0.469111 0.636250 0.055556 0.024000
0 0.402444 0.641750 0.128444 0.048000
0 0.582222 0.727250 0.052444 0.038500
0 0.600000 0.719250 0.032000 0.018500
0 0.650222 0.634500 0.064889 0.043500