0 0.312222 0.143625 0.044889 0.057250
0 0.273778 0.164500 0.037333 0.027500
0 0.616222 0.165375 0.102667 0.058750
0 0.723333 0.190875 0.017333 0.013250
0 0.542667 0.182875 0.023111 0.019750
0 0.328667 0.226875 0.040444 0.040750
0 0.248000 0.272125 0.037333 0.024250
0 0.242444 0.295125 0.035111 0.022750
0 0.428000 0.214125 0.070222 0.044250
0 0.571333 0.223125 0.048444 0.034250
0 0.686444 0.220000 0.063556 0.052000
0 0.759556 0.244750 0.031111 0.008000
0 0.775556 0.272000 0.077333 0.028000
0 0.698222 0.270250 0.051556 0.033000
0 0.642222 0.274375 0.056000 0.028750
0 0.560889 0.262250 0.050667 0.023000
0 0.386444 0.307375 0.038667 0.022250
0 0.508222 0.316125 0.029778 0.020250
0 0.465778 0.341500 0.040889 0.017000
0 0.517556 0.345125 0.055556 0.021750
0 0.588889 0.343875 0.059556 0.025750
0 0.726889 0.331875 0.034222 0.017750
0 0.742000 0.359125 0.045778 0.032750
0 0.796889 0.385250 0.071111 0.031000
0 0.861333 0.366875 0.043556 0.009750
0 0.533333 0.367750 0.064889 0.023500
0 0.600222 0.392750 0.065333 0.040500
0 0.700222 0.393500 0.043111 0.018500
0 0.727333 0.414875 0.076889 0.023250
0 0.780444 0.440500 0.066667 0.032000
0 0.811778 0.437125 0.019111 0.005750
0 0.785333 0.461500 0.064000 0.012500
0 0.829778 0.487625 0.029333 0.013250
0 0.840000 0.512500 0.044444 0.026000
0 0.738000 0.511250 0.100889 0.031500
0 0.742667 0.523500 0.021333 0.010500
0 0.683556 0.510250 0.019556 0.015000
0 0.680667 0.470500 0.039556 0.029000
0 0.719778 0.448250 0.050222 0.019000
0 0.592889 0.416500 0.053333 0.030000
0 0.511778 0.436500 0.024444 0.015000
0 0.461333 0.440375 0.062222 0.033750
0 0.336222 0.463250 0.015556 0.009000
0 0.329778 0.513000 0.074667 0.029000
0 0.578889 0.486500 0.035111 0.028000
0 0.570889 0.513125 0.046667 0.010250
0 0.546667 0.518250 0.062222 0.021000
0 0.601778 0.532375 0.046222 0.017750
0 0.624000 0.556875 0.055111 0.041250
0 0.575333 0.555250 0.028000 0.009500
0 0.546889 0.578750 0.064444 0.037500
0 0.629111 0.583000 0.037778 0.025000
0 0.638222 0.594750 0.043556 0.010500
0 0.705333 0.595125 0.067556 0.021750
0 0.746889 0.575625 0.045778 0.039250
0 0.376889 0.534750 0.037333 0.017000
0 0.395111 0.555250 0.030222 0.009000
0 0.441556 0.544125 0.057333 0.034250
0 0.489333 0.559750 0.043556 0.035500
0 0.274222 0.613500 0.024889 0.010000
0 0.386000 0.616000 0.065333 0.035000
0 0.456444 0.620375 0.022222 0.006750
0 0.555556 0.613875 0.103111 0.047250
0 0.599778 0.630250 0.039556 0.027500
0 0.625111 0.650375 0.047556 0.028250
0 0.826889 0.678875 0.040444 0.022250
0 0.562889 0.662500 0.053778 0.022000
0 0.588444 0.689875 0.063111 0.046750
0 0.642444 0.705000 0.068889 0.056000
0 0.708000 0.710625 0.026667 0.021250
0 0.752000 0.704625 0.040000 0.036750
0 0.440222 0.656125 0.024444 0.013750
0 0.516222 0.696750 0.092000 0.031500
0 0.404222 0.696500 0.034222 0.015000
0 0.347111 0.735500 0.070222 0.038000
0 0.312222 0.766500 0.033333 0.030500
0 0.406222 0.752375 0.055111 0.020250
0 0.443778 0.763125 0.020000 0.013250
0 0.521333 0.729875 0.037333 0.045250
0 0.779556 0.756500 0.061333 0.038000
0 0.833778 0.753375 0.054222 0.035750
0 0.882667 0.802500 0.073778 0.067000
0 0.891778 0.853250 0.108889 0.081500
0 0.773778 0.798750 0.071111 0.029000
0 0.743333 0.806000 0.055556 0.030500
0 0.774000 0.847625 0.042222 0.041250
0 0.704667 0.868000 0.040444 0.045500
0 0.644000 0.937625 0.050667 0.101250
0 0.567778 0.901375 0.084889 0.055250
0 0.469333 0.877750 0.073778 0.064500
0 0.442667 0.903375 0.057778 0.048750
0 0.358667 0.950625 0.078222 0.093250
0 0.281333 0.851750 0.046222 0.049500
0 0.368222 0.864125 0.028000 0.024250
0 0.402889 0.822750 0.055556 0.052000
0 0.441111 0.820125 0.028000 0.041250
0 0.442444 0.800000 0.017333 0.018500
0 0.548000 0.813875 0.045333 0.064250
0 0.539556 0.843125 0.026667 0.016750
0 0.602222 0.816500 0.056000 0.065500
0 0.653778 0.769000 0.064889 0.047500