0 0.235111 0.150875 0.048889 0.028250
0 0.434889 0.156750 0.076889 0.027000
0 0.535333 0.190250 0.076000 0.058000
0 0.336667 0.187000 0.075111 0.029000
0 0.262889 0.209250 0.060889 0.050000
0 0.637556 0.176125 0.023556 0.021750
0 0.698222 0.192875 0.056000 0.057750
0 0.748000 0.217500 0.073778 0.028500
0 0.740444 0.143500 0.060444 0.041000
0 0.870444 0.214375 0.101778 0.034250
0 0.630222 0.223375 0.086222 0.066250
0 0.629111 0.271500 0.009333 0.016500
0 0.843556 0.291500 0.063111 0.034500
0 0.792000 0.278875 0.011556 0.005250
0 0.722222 0.295750 0.036444 0.027000
0 0.598889 0.296125 0.084000 0.030250
0 0.354889 0.241000 0.048444 0.015000
0 0.410444 0.268750 0.063556 0.028500
0 0.246222 0.270375 0.046222 0.031250
0 0.315333 0.289125 0.054667 0.042750
0 0.340889 0.326250 0.036444 0.022500
0 0.410889 0.402625 0.043111 0.034250
0 0.229778 0.406000 0.017778 0.006500
0 0.215556 0.456625 0.022222 0.019750
0 0.336889 0.453000 0.074667 0.024500
0 0.342889 0.533625 0.116889 0.065750
0 0.283778 0.558875 0.034222 0.016250
0 0.336222 0.572750 0.028889 0.028000
0 0.250889 0.706125 0.026222 0.042750
0 0.297556 0.700750 0.024444 0.031500
0 0.333111 0.746375 0.042222 0.025750
0 0.346667 0.798500 0.022222 0.020500
0 0.271778 0.827000 0.034222 0.045000
0 0.315778 0.852250 0.018222 0.011000
0 0.329778 0.904625 0.025778 0.017250
0 0.419111 0.895250 0.022222 0.025000
0 0.516222 0.863250 0.060000 0.043500
0 0.602889 0.840125 0.054667 0.049750
0 0.670667 0.853250 0.095111 0.055000
0 0.757556 0.824125 0.061778 0.024250
0 0.805778 0.836500 0.041778 0.028000
0 0.818667 0.794000 0.051556 0.042000
0 0.615778 0.789375 0.061778 0.067250
0 0.563111 0.771375 0.066667 0.051750
0 0.448222 0.792000 0.146222 0.081500
0 0.387111 0.797000 0.035556 0.019000
0 0.499556 0.701625 0.030222 0.018750
0 0.568444 0.695375 0.040000 0.019750
0 0.712222 0.738750 0.077778 0.039500
0 0.724444 0.720250 0.059556 0.052000
0 0.655111 0.685875 0.041778 0.024250
0 0.674222 0.660875 0.056889 0.050750
0 0.821333 0.657500 0.029333 0.028500
0 0.810667 0.604250 0.054222 0.039000
0 0.690667 0.602000 0.072000 0.033000
0 0.723778 0.596375 0.049333 0.037750
0 0.823778 0.550875 0.076000 0.024250
0 0.730222 0.558625 0.048000 0.011750
0 0.612222 0.557750 0.054667 0.033000
0 0.436222 0.494125 0.044000 0.019750
0 0.509556 0.508250 0.080444 0.045500
0 0.604222 0.473125 0.068889 0.026250
0 0.606000 0.505375 0.068000 0.034250
0 0.700000 0.467125 0.062222 0.025250
0 0.776000 0.514000 0.082667 0.029500
0 0.878889 0.533500 0.116000 0.030000
0 0.540889 0.568375 0.088000 0.044750
0 0.658444 0.558250 0.011111 0.006000
0 0.567778 0.609250 0.011111 0.006500
0 0.532222 0.612375 0.084000 0.036750
0 0.416889 0.625375 0.068444 0.042750
0 0.240444 0.611875 0.012444 0.005250
0 0.418667 0.546000 0.025778 0.021000
0 0.422222 0.657625 0.013333 0.019250
0 0.592667 0.661000 0.079556 0.041500
0 0.788667 0.699750 0.012889 0.011000
0 0.388000 0.668375 0.088889 0.034250
0 0.529778 0.353250 0.072000 0.040500
0 0.602889 0.353625 0.064444 0.057250
0 0.671111 0.325750 0.044444 0.022500
0 0.680444 0.372000 0.048000 0.016500
0 0.672667 0.401000 0.060889 0.039000
0 0.594444 0.408625 0.035111 0.017250
0 0.735111 0.392375 0.057778 0.025750
0 0.812000 0.388250 0.078222 0.023500
0 0.820444 0.412375 0.057778 0.022250
0 0.828222 0.455125 0.063556 0.032250