0 0.683556 0.120125 0.083556 0.091250
0 0.655333 0.115250 0.043111 0.045000
0 0.771333 0.134000 0.070667 0.054500
0 0.802222 0.131750 0.025778 0.019500
0 0.720222 0.172875 0.041333 0.033750
0 0.836444 0.183375 0.064889 0.025250
0 0.737333 0.212750 0.060444 0.022000
0 0.586444 0.146625 0.055556 0.046750
0 0.478444 0.141250 0.069778 0.031500
0 0.419333 0.130125 0.052000 0.052750
0 0.450667 0.109250 0.008889 0.010500
0 0.388667 0.247500 0.076000 0.035000
0 0.196889 0.131500 0.086222 0.048000
0 0.150222 0.176250 0.025778 0.036000
0 0.198889 0.255875 0.056444 0.032250
0 0.496000 0.273000 0.034667 0.035000
0 0.566667 0.274750 0.055111 0.031000
0 0.634222 0.274875 0.039111 0.028250
0 0.812000 0.277750 0.056889 0.035500
0 0.863778 0.238625 0.091111 0.031750
0 0.859333 0.326625 0.092000 0.031750
0 0.754222 0.334625 0.033778 0.011750
0 0.668667 0.313000 0.039556 0.020500
0 0.396889 0.317500 0.056889 0.023000
0 0.183556 0.341000 0.042667 0.023000
0 0.303556 0.381250 0.020444 0.009500
0 0.532889 0.377625 0.039111 0.033250
0 0.727333 0.355250 0.105333 0.071000
0 0.788667 0.386000 0.087556 0.025000
0 0.878667 0.388000 0.168889 0.032500
0 0.750222 0.449375 0.078222 0.038250
0 0.845778 0.470500 0.099556 0.034500
0 0.765778 0.479875 0.055111 0.010250
0 0.586444 0.424750 0.079556 0.044000
0 0.521556 0.419500 0.049333 0.033000
0 0.383111 0.426250 0.058667 0.050000
0 0.194444 0.419375 0.085778 0.035750
0 0.297556 0.483250 0.060000 0.047500
0 0.465333 0.469625 0.055111 0.022750
0 0.428889 0.499750 0.073778 0.034500
0 0.172889 0.525500 0.049778 0.032500
0 0.200444 0.581125 0.049778 0.020750
0 0.310222 0.560750 0.006222 0.010000
0 0.385333 0.542875 0.019556 0.005250
0 0.498444 0.553125 0.058222 0.063750
0 0.424444 0.632125 0.072889 0.027750
0 0.600000 0.488250 0.087111 0.031000
0 0.718444 0.543625 0.094667 0.031750
0 0.767556 0.547500 0.055111 0.024500
0 0.764889 0.566875 0.072000 0.033250
0 0.829111 0.586375 0.048444 0.019250
0 0.595778 0.636375 0.124000 0.049750
0 0.818222 0.634750 0.060444 0.027500
0 0.699778 0.672125 0.058222 0.025750
0 0.636889 0.676875 0.065778 0.036250
0 0.792667 0.679375 0.074222 0.047750
0 0.865333 0.688750 0.076444 0.024500
0 0.781111 0.707500 0.047556 0.018000
0 0.866444 0.760750 0.117778 0.043500
0 0.875111 0.828875 0.107556 0.086250
0 0.877778 0.854875 0.045333 0.026250
0 0.814444 0.859750 0.068889 0.031500
0 0.786222 0.798750 0.072000 0.030500
0 0.777333 0.746875 0.054222 0.024750
0 0.615333 0.792375 0.088444 0.067250
0 0.701556 0.879500 0.014667 0.015000
0 0.790000 0.910875 0.013778 0.022250
0 0.698000 0.956125 0.056444 0.057750
0 0.666667 0.961000 0.064000 0.070000
0 0.599556 0.916875 0.084444 0.072250
0 0.507333 0.879250 0.056444 0.047000
0 0.409111 0.872875 0.037778 0.048250
0 0.378889 0.942875 0.072444 0.036750
0 0.306000 0.979375 0.055556 0.041250
0 0.208000 0.980750 0.039111 0.038500
0 0.203111 0.889500 0.058667 0.065500
0 0.308000 0.852375 0.011556 0.017750
0 0.312222 0.887875 0.057333 0.034250
0 0.209111 0.820875 0.076889 0.088750
0 0.379111 0.775000 0.018667 0.020500
0 0.294889 0.743125 0.061778 0.040750
0 0.170444 0.673250 0.054667 0.034500
0 0.418444 0.678750 0.022667 0.015000
0 0.434444 0.726500 0.043111 0.033000
0 0.549333 0.813000 0.057778 0.054500
0 0.544444 0.835750 0.048000 0.023500
0 0.591778 0.708875 0.041333 0.020250
0 0.314000 0.607750 0.024444 0.014500