0 0.409111 0.046125 0.047556 0.072250
0 0.240222 0.075250 0.096444 0.063000
0 0.159111 0.050500 0.023111 0.040500
0 0.566000 0.054625 0.098222 0.071750
0 0.618444 0.076125 0.020889 0.029250
0 0.678667 0.099750 0.030222 0.024500
0 0.807111 0.066250 0.088000 0.074000
0 0.780889 0.125000 0.049778 0.041500
0 0.878222 0.087750 0.025778 0.025500
0 0.899333 0.129875 0.146222 0.068250
0 0.572000 0.134375 0.067556 0.051250
0 0.320889 0.145000 0.063111 0.038000
0 0.250889 0.133375 0.012000 0.010250
0 0.228222 0.146875 0.053778 0.032250
0 0.128667 0.187250 0.052889 0.028500
0 0.195333 0.196375 0.036000 0.020750
0 0.327556 0.239625 0.048889 0.056250
0 0.393333 0.253375 0.091556 0.052750
0 0.580667 0.190250 0.034222 0.025500
0 0.403111 0.201625 0.029333 0.006250
0 0.721333 0.236000 0.089778 0.061500
0 0.828444 0.261750 0.086222 0.029500
0 0.901778 0.271625 0.080889 0.060750
0 0.833333 0.296875 0.028444 0.022750
0 0.742000 0.297375 0.026222 0.033250
0 0.655556 0.304875 0.019556 0.008750
0 0.540667 0.326375 0.052889 0.020250
0 0.514222 0.348500 0.059556 0.038500
0 0.465556 0.363500 0.032444 0.015500
0 0.215333 0.349750 0.055556 0.038000
0 0.191111 0.323375 0.015111 0.009250
0 0.532000 0.270250 0.063111 0.047000
0 0.702667 0.361125 0.038222 0.017250
0 0.847111 0.362500 0.139556 0.034500
0 0.904889 0.362875 0.049778 0.043250
0 0.900000 0.406750 0.093333 0.037500
0 0.804000 0.420250 0.072000 0.026000
0 0.700222 0.467125 0.059111 0.056250
0 0.426667 0.441375 0.065778 0.018250
0 0.308444 0.445500 0.089778 0.035000
0 0.244889 0.436875 0.029333 0.018750
0 0.255556 0.386250 0.064000 0.034000
0 0.499111 0.483875 0.069333 0.033250
0 0.351778 0.497875 0.052889 0.030250
0 0.327333 0.525250 0.055556 0.024500
0 0.235111 0.562750 0.054222 0.025500
0 0.613333 0.500750 0.081778 0.029500
0 0.688444 0.507000 0.039111 0.016000
0 0.822000 0.489875 0.095556 0.017250
0 0.878667 0.513250 0.040000 0.014000
0 0.860444 0.450750 0.063111 0.026500
0 0.604444 0.383375 0.026667 0.010250
0 0.549778 0.540625 0.045333 0.022750
0 0.593778 0.538000 0.044444 0.014500
0 0.733778 0.556000 0.029333 0.025500
0 0.806889 0.564625 0.068889 0.035250
0 0.894667 0.594250 0.066667 0.021000
0 0.901333 0.622375 0.035556 0.011250
0 0.715333 0.616000 0.035111 0.024500
0 0.541556 0.613500 0.052889 0.027000
0 0.432667 0.571625 0.029778 0.019250
0 0.438444 0.610875 0.031556 0.019750
0 0.457778 0.652000 0.048000 0.025000
0 0.535556 0.669875 0.057778 0.058250
0 0.614222 0.665375 0.024000 0.025750
0 0.692000 0.653625 0.024000 0.020750
0 0.733556 0.682375 0.029778 0.016750
0 0.825111 0.661500 0.054667 0.036500
0 0.858889 0.690625 0.100000 0.034250
0 0.911556 0.698750 0.061333 0.034000
0 0.896222 0.677625 0.025333 0.003250
0 0.628667 0.713250 0.071556 0.034000
0 0.328222 0.699500 0.057333 0.066500
0 0.153111 0.675750 0.091111 0.036000
0 0.257333 0.630750 0.047111 0.028000
0 0.225333 0.719750 0.051556 0.026000
0 0.416000 0.763750 0.049778 0.041000
0 0.478889 0.729750 0.079556 0.038500
0 0.515556 0.709875 0.026667 0.016750
0 0.614222 0.773875 0.063111 0.067750
0 0.745111 0.761625 0.036000 0.045250
0 0.830889 0.763750 0.084889 0.061000
0 0.908222 0.759875 0.073333 0.031250
0 0.843556 0.828125 0.089778 0.062750
0 0.889111 0.899125 0.052000 0.044250
0 0.844000 0.878625 0.039111 0.018750
0 0.796222 0.860250 0.063556 0.051500
0 0.732444 0.872625 0.067556 0.073250
0 0.757333 0.935375 0.108444 0.077250
0 0.637111 0.887750 0.056444 0.052500
0 0.612444 0.837750 0.063111 0.069500
0 0.541556 0.887250 0.073333 0.050500
0 0.581778 0.924750 0.070222 0.064000
0 0.481778 0.959375 0.051556 0.070750
0 0.416222 0.884625 0.059111 0.054750
0 0.394889 0.898750 0.055556 0.052500
0 0.317111 0.927125 0.057333 0.044750
0 0.248000 0.899750 0.036444 0.033000
0 0.253556 0.963750 0.041333 0.066000
0 0.326889 0.811750 0.054667 0.071500
0 0.364667 0.827625 0.034222 0.053250
0 0.481111 0.825750 0.053778 0.054500
0 0.544444 0.831750 0.072889 0.055000
0 0.247111 0.782500 0.028444 0.014000
0 0.215333 0.845875 0.011111 0.010250