0 0.145000 0.154000 0.043000 0.065333
0 0.081875 0.130000 0.045750 0.124889
0 0.180750 0.079111 0.041500 0.136000
0 0.239125 0.139556 0.043250 0.088889
0 0.221750 0.219556 0.024500 0.072889
0 0.302125 0.166000 0.023250 0.037778
0 0.348250 0.206889 0.033500 0.081333
0 0.371375 0.188222 0.012750 0.027111
0 0.384250 0.188667 0.010000 0.019111
0 0.421500 0.138889 0.030500 0.093778
0 0.532750 0.130000 0.042000 0.113333
0 0.513000 0.247333 0.024000 0.054667
0 0.460375 0.268000 0.030250 0.045333
0 0.424500 0.256222 0.011500 0.025333
0 0.324125 0.277111 0.005750 0.013778
0 0.240375 0.286667 0.019250 0.048000
0 0.192250 0.286667 0.039000 0.061333
0 0.141000 0.224667 0.031000 0.039556
0 0.075750 0.200000 0.075000 0.085333
0 0.132625 0.284667 0.036750 0.059111
0 0.067125 0.304000 0.055250 0.053333
0 0.215000 0.418444 0.058500 0.060889
0 0.179000 0.402222 0.034500 0.060444
0 0.214125 0.480444 0.067750 0.135111
0 0.281500 0.403556 0.034000 0.043556
0 0.287500 0.480889 0.031500 0.047111
0 0.384625 0.423111 0.011750 0.033778
0 0.370375 0.341333 0.028250 0.059556
0 0.386250 0.327111 0.051000 0.071111
0 0.335500 0.549556 0.042000 0.055556
0 0.313375 0.615556 0.063750 0.063111
0 0.229250 0.646444 0.062500 0.047556
0 0.271375 0.702667 0.062750 0.040889
0 0.120000 0.699556 0.039000 0.059556
0 0.157625 0.714000 0.054750 0.052000
0 0.065500 0.861556 0.091500 0.080444
0 0.051875 0.827333 0.037750 0.018222
0 0.226625 0.770667 0.030750 0.027556
0 0.176875 0.907333 0.031250 0.083111
0 0.342750 0.755111 0.043000 0.113778
0 0.272625 0.816667 0.065250 0.111556
0 0.328750 0.883333 0.074500 0.107111
0 0.416000 0.879111 0.049000 0.104000
0 0.251625 0.945111 0.006250 0.020889
0 0.224750 0.987333 0.015500 0.025333
0 0.255500 0.996222 0.008000 0.007556
0 0.275125 0.972667 0.012750 0.007556
0 0.202125 0.992444 0.013750 0.015111
0 0.182000 0.989556 0.025500 0.020889
0 0.143625 0.985778 0.011750 0.028444
0 0.157500 0.992000 0.014000 0.012444
0 0.408500 0.641778 0.009500 0.013333
0 0.412750 0.722444 0.038500 0.050222
0 0.471750 0.609778 0.042500 0.061333
0 0.481125 0.723556 0.034750 0.114667
0 0.485375 0.855556 0.037750 0.162667
0 0.542875 0.509333 0.031250 0.047111
0 0.615750 0.543778 0.032500 0.040444
0 0.650500 0.512444 0.014000 0.031111
0 0.575250 0.649556 0.015500 0.025333
0 0.537500 0.722889 0.046000 0.098222
0 0.600000 0.723778 0.036000 0.108000
0 0.623750 0.744222 0.026000 0.050222
0 0.604500 0.858667 0.033500 0.111111
0 0.552625 0.838667 0.020250 0.044444
0 0.671250 0.854889 0.049000 0.107111
0 0.695000 0.870444 0.035500 0.062667
0 0.706375 0.595778 0.031750 0.061778
0 0.442250 0.427333 0.016500 0.050222
0 0.528750 0.374889 0.018000 0.036000
0 0.473625 0.393333 0.043250 0.103111
0 0.475000 0.460000 0.029000 0.077333
0 0.589375 0.446000 0.046750 0.069778
0 0.634500 0.444000 0.059500 0.102222
0 0.633750 0.397778 0.033500 0.085333
0 0.677625 0.324000 0.056250 0.120889
0 0.717250 0.276222 0.051500 0.092000
0 0.746875 0.399556 0.028750 0.055111
0 0.719125 0.689333 0.038250 0.034667
0 0.771875 0.731111 0.035250 0.048000
0 0.801625 0.584222 0.089250 0.112444
0 0.786625 0.498222 0.063750 0.106667
0 0.810875 0.470000 0.034750 0.065333
0 0.865125 0.582667 0.051750 0.042667
0 0.920125 0.559556 0.069250 0.104000
0 0.846000 0.709111 0.070500 0.097333
0 0.804000 0.834000 0.060000 0.107111
0 0.929250 0.838889 0.061500 0.053778
0 0.859000 0.888000 0.051000 0.067556
0 0.888250 0.453556 0.086000 0.083111
0 0.820750 0.388889 0.066000 0.072889
0 0.811750 0.287111 0.127500 0.113778
0 0.742750 0.184444 0.032500 0.099556
0 0.642500 0.256667 0.010500 0.022667
0 0.614875 0.267111 0.027750 0.088889
0 0.576750 0.279111 0.032500 0.101333
0 0.533250 0.307778 0.011000 0.032444
0 0.609625 0.197556 0.026750 0.053778
0 0.688375 0.103556 0.022250 0.064000
0 0.810875 0.102000 0.037750 0.065333
0 0.772625 0.098000 0.040750 0.124889
0 0.934500 0.074667 0.067000 0.106667
0 0.856375 0.128667 0.038250 0.053778
0 0.835875 0.185778 0.061250 0.083556
0 0.834625 0.285556 0.073250 0.107111
0 0.823125 0.216889 0.028250 0.058667
0 0.884250 0.207556 0.042000 0.104000
0 0.950250 0.166889 0.099500 0.098222
0 0.953500 0.253333 0.081500 0.104889
0 0.950500 0.392444 0.059500 0.052444
0 0.964125 0.678444 0.071750 0.051111
0 0.973875 0.644889 0.052250 0.108444