0 0.101000 0.093111 0.075500 0.172000
0 0.148125 0.120889 0.046250 0.089778
0 0.093875 0.146222 0.042250 0.055111
0 0.126625 0.231556 0.085250 0.148444
0 0.153625 0.223556 0.054250 0.077333
0 0.050750 0.294222 0.089000 0.131556
0 0.074250 0.408444 0.047500 0.086222
0 0.138875 0.435556 0.048750 0.120889
0 0.182500 0.379778 0.064000 0.092889
0 0.114500 0.367333 0.116500 0.113333
0 0.073125 0.578444 0.077250 0.066222
0 0.106875 0.542667 0.069250 0.091556
0 0.066500 0.657333 0.045500 0.040889
0 0.168125 0.612222 0.092750 0.054667
0 0.186500 0.699778 0.023000 0.013778
0 0.144125 0.706000 0.045750 0.054667
0 0.109500 0.690000 0.040500 0.039556
0 0.050750 0.767333 0.081500 0.069778
0 0.130125 0.762222 0.144250 0.099556
0 0.359375 0.814222 0.037750 0.054222
0 0.269625 0.776000 0.094750 0.100444
0 0.258750 0.569778 0.074000 0.070222
0 0.330875 0.640000 0.059750 0.088000
0 0.297250 0.629778 0.057500 0.148444
0 0.342125 0.573111 0.020250 0.033333
0 0.416500 0.639111 0.014000 0.031111
0 0.381625 0.549778 0.061250 0.073778
0 0.406375 0.502667 0.022250 0.032000
0 0.332500 0.464000 0.056500 0.062222
0 0.504250 0.782222 0.068000 0.103111
0 0.477875 0.575111 0.037750 0.056000
0 0.479625 0.459111 0.028250 0.104000
0 0.406125 0.416000 0.013250 0.029333
0 0.371000 0.387333 0.044000 0.079556
0 0.321750 0.446667 0.031000 0.132444
0 0.285625 0.453556 0.042750 0.115111
0 0.252125 0.458667 0.052250 0.082667
0 0.155250 0.510222 0.085000 0.062222
0 0.220000 0.327778 0.083500 0.166667
0 0.282875 0.330000 0.055250 0.110667
0 0.302000 0.290667 0.067000 0.100444
0 0.199750 0.216444 0.069500 0.091556
0 0.205250 0.142444 0.039500 0.098222
0 0.242625 0.192444 0.047750 0.117333
0 0.281375 0.204444 0.060750 0.103111
0 0.279750 0.148667 0.025500 0.067111
0 0.310125 0.142889 0.032750 0.107111
0 0.355625 0.194444 0.047250 0.115111
0 0.353750 0.267111 0.036000 0.128889
0 0.385875 0.270000 0.044250 0.116889
0 0.392000 0.112444 0.041500 0.116444
0 0.508000 0.108222 0.044500 0.113333
0 0.511000 0.397556 0.057000 0.079556
0 0.386000 0.132889 0.008000 0.026667
0 0.465375 0.194889 0.006250 0.006667
0 0.462000 0.259333 0.005000 0.021778
0 0.535125 0.441111 0.037250 0.079556
0 0.526375 0.273333 0.056750 0.128000
0 0.528750 0.255778 0.025500 0.036000
0 0.578125 0.126222 0.037250 0.104000
0 0.527125 0.559778 0.077750 0.084000
0 0.553625 0.665778 0.054250 0.061333
0 0.606250 0.672444 0.058500 0.069333
0 0.612750 0.823778 0.035000 0.080444
0 0.661750 0.742444 0.056500 0.099111
0 0.654375 0.658667 0.029750 0.066667
0 0.701750 0.670889 0.042000 0.084889
0 0.721750 0.740222 0.068000 0.110667
0 0.769125 0.754667 0.038250 0.071111
0 0.582250 0.556667 0.014500 0.039556
0 0.669750 0.594889 0.058500 0.057333
0 0.693375 0.539556 0.051750 0.060444
0 0.702375 0.605333 0.027250 0.063111
0 0.685750 0.492889 0.033000 0.044444
0 0.644125 0.433556 0.047750 0.076000
0 0.748625 0.446889 0.063250 0.109778
0 0.658000 0.392000 0.048000 0.038222
0 0.697375 0.369333 0.052250 0.098667
0 0.754750 0.395333 0.024500 0.060000
0 0.802375 0.371778 0.061250 0.065333
0 0.809375 0.461333 0.063250 0.074667
0 0.876000 0.446000 0.076500 0.100000
0 0.866500 0.637333 0.066000 0.056000
0 0.850750 0.588889 0.015500 0.015111
0 0.879500 0.693778 0.057000 0.073778
0 0.590500 0.260889 0.057500 0.106667
0 0.642750 0.302667 0.010000 0.029333
0 0.600875 0.331333 0.045250 0.098222
0 0.596375 0.298889 0.045750 0.075111
0 0.641500 0.198889 0.046000 0.094667
0 0.625000 0.075556 0.031000 0.135111
0 0.611375 0.005778 0.004750 0.010667
0 0.689125 0.112444 0.049250 0.152000
0 0.702500 0.172444 0.074000 0.104000
0 0.711500 0.238222 0.064500 0.129778
0 0.738000 0.156222 0.040000 0.068889
0 0.784875 0.081333 0.045250 0.120000
0 0.776125 0.205556 0.043750 0.098222
0 0.810625 0.291111 0.075750 0.118222
0 0.840125 0.213778 0.029250 0.069333
0 0.835375 0.279111 0.015250 0.048000
0 0.912000 0.106889 0.113500 0.132889
0 0.913250 0.258444 0.092500 0.096444
0 0.949000 0.738889 0.075500 0.069778
0 0.946750 0.615333 0.066000 0.094667
0 0.946500 0.326889 0.107000 0.140000