0 0.217333 0.067500 0.042667 0.039500
0 0.281333 0.104375 0.058667 0.088250
0 0.266000 0.047750 0.056444 0.064500
0 0.181111 0.130875 0.064444 0.068250
0 0.484222 0.085375 0.042222 0.058250
0 0.496222 0.119500 0.044889 0.050500
0 0.615111 0.082875 0.069333 0.058250
0 0.565111 0.096625 0.042222 0.045250
0 0.533556 0.131125 0.052889 0.049750
0 0.822889 0.065125 0.122222 0.072750
0 0.911778 0.071250 0.119556 0.077000
0 0.884000 0.174500 0.053333 0.047500
0 0.791778 0.137250 0.060000 0.042500
0 0.738667 0.178875 0.041778 0.043250
0 0.666444 0.172750 0.124889 0.070500
0 0.622000 0.203875 0.042222 0.041750
0 0.543333 0.156250 0.023556 0.029500
0 0.272667 0.180750 0.068000 0.057500
0 0.356667 0.181625 0.058222 0.040750
0 0.454444 0.201500 0.051111 0.038000
0 0.533778 0.222875 0.047111 0.048250
0 0.835556 0.258875 0.041778 0.027750
0 0.692667 0.256500 0.112444 0.043500
0 0.470222 0.246875 0.080889 0.035250
0 0.477778 0.288625 0.063111 0.088250
0 0.146000 0.263375 0.066222 0.028750
0 0.364889 0.263875 0.037333 0.018250
0 0.301778 0.259500 0.050667 0.031500
0 0.892889 0.312625 0.093333 0.040750
0 0.757778 0.299500 0.058667 0.031500
0 0.545556 0.313750 0.022667 0.012500
0 0.498222 0.350125 0.020444 0.015750
0 0.559111 0.362750 0.008000 0.009000
0 0.649333 0.352750 0.058667 0.029500
0 0.752444 0.334750 0.054222 0.045500
0 0.835556 0.345125 0.092444 0.038750
0 0.210444 0.311125 0.046667 0.021750
0 0.390444 0.303500 0.053778 0.029000
0 0.164000 0.352875 0.066667 0.062750
0 0.342889 0.343125 0.174667 0.057250
0 0.307333 0.379375 0.083111 0.030750
0 0.738444 0.433125 0.032444 0.005250
0 0.836444 0.404500 0.074667 0.049000
0 0.849333 0.452000 0.084444 0.041000
0 0.658222 0.473625 0.038222 0.018250
0 0.347111 0.443250 0.064889 0.041000
0 0.177556 0.469875 0.098222 0.027750
0 0.379556 0.486750 0.022222 0.010000
0 0.905556 0.556625 0.139111 0.027750
0 0.719778 0.527500 0.093778 0.064500
0 0.751778 0.548500 0.029778 0.014500
0 0.190222 0.528625 0.037333 0.025250
0 0.399556 0.520375 0.061333 0.021250
0 0.284889 0.553125 0.080000 0.034750
0 0.468889 0.545875 0.032000 0.015250
0 0.604444 0.557125 0.086222 0.032750
0 0.870000 0.588625 0.075111 0.026750
0 0.738222 0.576375 0.082667 0.034750
0 0.670000 0.598750 0.056444 0.051000
0 0.578000 0.605000 0.066222 0.059500
0 0.439333 0.579750 0.099111 0.031000
0 0.183778 0.613625 0.092000 0.041750
0 0.325333 0.579125 0.055111 0.040750
0 0.390222 0.595000 0.080000 0.070500
0 0.308222 0.660750 0.086667 0.042500
0 0.447111 0.646250 0.049778 0.032000
0 0.510889 0.675125 0.052889 0.044250
0 0.559333 0.656625 0.078667 0.025750
0 0.671111 0.668875 0.054222 0.043250
0 0.813778 0.655000 0.157333 0.047000
0 0.885111 0.646625 0.108889 0.051750
0 0.890889 0.704625 0.085778 0.055250
0 0.779556 0.721375 0.104889 0.056250
0 0.596889 0.750250 0.054222 0.026500
0 0.182444 0.709625 0.087556 0.050250
0 0.313556 0.706500 0.020000 0.021000
0 0.374444 0.739625 0.056444 0.028250
0 0.307333 0.752750 0.053778 0.022500
0 0.531556 0.763250 0.080000 0.041000
0 0.862222 0.778250 0.100444 0.075000
0 0.909778 0.797000 0.065778 0.053500
0 0.786222 0.827750 0.061333 0.029000
0 0.791333 0.745375 0.047556 0.023250
0 0.168000 0.788250 0.104000 0.072000
0 0.307111 0.836625 0.064889 0.078250
0 0.472444 0.832375 0.066667 0.070250
0 0.565778 0.808000 0.046222 0.053000
0 0.708444 0.826625 0.131556 0.075750
0 0.753556 0.819250 0.054667 0.057000
0 0.932889 0.919250 0.112000 0.061000
0 0.760222 0.934500 0.122222 0.091500
0 0.781111 0.938750 0.046667 0.034500
0 0.687111 0.909500 0.047111 0.051000
0 0.695333 0.868125 0.060000 0.047750
0 0.619333 0.897750 0.058222 0.084500
0 0.670667 0.941250 0.072000 0.057500
0 0.516222 0.900250 0.092000 0.092500
0 0.449556 0.928500 0.105333 0.070000
0 0.410222 0.883625 0.074667 0.074250
0 0.241556 0.875875 0.064444 0.052750
0 0.180889 0.897625 0.080000 0.085250
0 0.317556 0.919625 0.047556 0.030750
0 0.232000 0.912000 0.032889 0.026000
0 0.361556 0.939000 0.078667 0.070500
0 0.661333 0.148250 0.032889 0.014000