0 0.172625 0.146222 0.028750 0.096889
0 0.245375 0.157556 0.019750 0.058222
0 0.328875 0.173778 0.019750 0.084444
0 0.311750 0.257778 0.047500 0.080889
0 0.288250 0.222889 0.025000 0.105333
0 0.242000 0.234444 0.023500 0.060889
0 0.164000 0.275333 0.035500 0.053778
0 0.085500 0.375111 0.053000 0.062222
0 0.050375 0.550889 0.099250 0.116889
0 0.057625 0.802000 0.078750 0.059111
0 0.315625 0.943556 0.049250 0.112889
0 0.482625 0.952889 0.021250 0.051556
0 0.462125 0.965111 0.009250 0.035111
0 0.436375 0.988667 0.012250 0.022667
0 0.392750 0.974444 0.014500 0.040444
0 0.419750 0.979111 0.012000 0.028444
0 0.426125 0.942889 0.020250 0.014667
0 0.371500 0.967111 0.028000 0.017778
0 0.359500 0.993333 0.014500 0.008000
0 0.711000 0.950889 0.016000 0.036000
0 0.697250 0.988667 0.028000 0.022667
0 0.675750 0.979778 0.022500 0.013778
0 0.746125 0.946889 0.024250 0.025333
0 0.756500 0.979778 0.025000 0.019111
0 0.820125 0.945556 0.011250 0.020000
0 0.990875 0.924667 0.010750 0.019111
0 0.976875 0.928667 0.009750 0.008444
0 0.986750 0.970444 0.005500 0.013778
0 0.995875 0.987333 0.008250 0.004000
0 0.994000 0.948889 0.012000 0.016000
0 0.962500 0.965556 0.013000 0.012000
0 0.775750 0.947333 0.014000 0.008444
0 0.779625 0.966667 0.014250 0.014222
0 0.761625 0.950000 0.018750 0.016444
0 0.810500 0.976444 0.008500 0.019556
0 0.703375 0.966667 0.012750 0.052444
0 0.089000 0.644444 0.071000 0.070222
0 0.129125 0.681111 0.065250 0.052889
0 0.224125 0.678000 0.090250 0.059111
0 0.210750 0.767556 0.042500 0.043556
0 0.156125 0.736444 0.038750 0.026667
0 0.204625 0.884222 0.041750 0.074222
0 0.239000 0.852889 0.028000 0.071111
0 0.314000 0.777333 0.032500 0.100444
0 0.272625 0.715778 0.051250 0.043111
0 0.374500 0.702444 0.017500 0.041333
0 0.385500 0.765556 0.058000 0.068000
0 0.358500 0.854889 0.043500 0.068889
0 0.516250 0.815111 0.022000 0.039111
0 0.544000 0.824889 0.021500 0.040000
0 0.521125 0.778444 0.012250 0.029778
0 0.534625 0.743778 0.034250 0.053778
0 0.549375 0.684889 0.034750 0.074667
0 0.624125 0.658667 0.026250 0.050667
0 0.121250 0.435333 0.018000 0.029778
0 0.153500 0.454889 0.046500 0.042222
0 0.158750 0.569556 0.039500 0.013778
0 0.181125 0.511778 0.079750 0.093778
0 0.252250 0.457778 0.060500 0.127111
0 0.261625 0.606667 0.043250 0.044444
0 0.278000 0.442444 0.017500 0.038667
0 0.324375 0.439778 0.009250 0.020889
0 0.201125 0.341556 0.077750 0.173778
0 0.175250 0.328667 0.032000 0.054667
0 0.316500 0.642222 0.032000 0.057778
0 0.335375 0.630000 0.033250 0.052000
0 0.379250 0.647333 0.020000 0.039556
0 0.373875 0.553778 0.026750 0.079111
0 0.384375 0.516222 0.045250 0.065333
0 0.404750 0.362444 0.018000 0.036889
0 0.380375 0.283111 0.021250 0.060444
0 0.415250 0.231333 0.048500 0.109778
0 0.429000 0.213778 0.008000 0.025778
0 0.456750 0.337778 0.009000 0.042667
0 0.477750 0.334889 0.042500 0.099111
0 0.496625 0.226667 0.014250 0.073778
0 0.487750 0.171556 0.018000 0.077333
0 0.540375 0.202444 0.018250 0.061778
0 0.551875 0.283111 0.010250 0.045333
0 0.596375 0.212889 0.011750 0.029333
0 0.603500 0.261778 0.017500 0.057778
0 0.653750 0.150444 0.028500 0.095556
0 0.720375 0.198222 0.012250 0.026667
0 0.764625 0.150889 0.022750 0.084889
0 0.663375 0.304889 0.012750 0.026667
0 0.628125 0.358667 0.028750 0.044444
0 0.461500 0.446000 0.031500 0.098222
0 0.468875 0.431556 0.047250 0.088889
0 0.547875 0.424000 0.015750 0.043556
0 0.561750 0.509778 0.032000 0.123556
0 0.609625 0.534444 0.014750 0.036889
0 0.690625 0.436000 0.037750 0.054222
0 0.697375 0.478889 0.009750 0.019111
0 0.656875 0.515556 0.012750 0.012444
0 0.685000 0.612889 0.049000 0.048000
0 0.685625 0.668667 0.046750 0.050222
0 0.663375 0.714000 0.022250 0.033333
0 0.631125 0.740444 0.033250 0.051556
0 0.876250 0.170222 0.042000 0.064889
0 0.910125 0.205333 0.040250 0.048000
0 0.871125 0.280889 0.029250 0.042667
0 0.827375 0.287556 0.037750 0.054222
0 0.838875 0.358444 0.035250 0.028889
0 0.776500 0.382222 0.018000 0.029333
0 0.803375 0.437778 0.062250 0.078222
0 0.736125 0.350444 0.051250 0.066222
0 0.851625 0.446889 0.073250 0.111556
0 0.894500 0.408667 0.051500 0.052000
0 0.900750 0.367556 0.060000 0.047111
0 0.956125 0.425556 0.059250 0.063556
0 0.892125 0.510444 0.046750 0.036889
0 0.951875 0.560222 0.078250 0.052889
0 0.945250 0.621333 0.025500 0.014222
0 0.912875 0.628000 0.029750 0.014222
0 0.857125 0.654444 0.046250 0.023556
0 0.783250 0.641778 0.028000 0.028444
0 0.770125 0.547111 0.011750 0.011556
0 0.820000 0.548667 0.018500 0.021778
0 0.729500 0.574444 0.039000 0.045778
0 0.730000 0.621778 0.025000 0.020444
0 0.725500 0.727111 0.025500 0.012444
0 0.621750 0.859778 0.019000 0.020000
0 0.803125 0.717778 0.035250 0.021333
0 0.746750 0.285111 0.010500 0.030667