0 0.111875 0.114000 0.029250 0.081333
0 0.120750 0.159111 0.015000 0.023111
0 0.150875 0.156444 0.028250 0.051556
0 0.232875 0.167111 0.030250 0.067556
0 0.256625 0.229111 0.027750 0.068000
0 0.299375 0.184889 0.043750 0.067556
0 0.309250 0.146222 0.015500 0.056000
0 0.323500 0.179778 0.044000 0.187111
0 0.355000 0.123778 0.029500 0.135556
0 0.373750 0.255111 0.037000 0.074667
0 0.389750 0.120444 0.039000 0.152000
0 0.449125 0.130889 0.034750 0.132889
0 0.450625 0.162000 0.004250 0.022667
0 0.494375 0.153778 0.021750 0.068444
0 0.402000 0.229111 0.052500 0.121333
0 0.456500 0.310444 0.052500 0.084889
0 0.519375 0.231556 0.024250 0.064889
0 0.539125 0.236889 0.022750 0.064889
0 0.459375 0.393556 0.032250 0.122222
0 0.504000 0.428667 0.018500 0.040444
0 0.369375 0.384000 0.052250 0.136889
0 0.306875 0.413556 0.031250 0.092000
0 0.247500 0.358444 0.054000 0.100000
0 0.232875 0.423778 0.047250 0.038667
0 0.210000 0.457111 0.008000 0.016444
0 0.117125 0.392889 0.051250 0.097778
0 0.415875 0.471778 0.026250 0.050222
0 0.378875 0.518667 0.025250 0.069333
0 0.347750 0.498222 0.039000 0.053333
0 0.242375 0.538667 0.040250 0.066667
0 0.177000 0.499111 0.047500 0.048000
0 0.185000 0.610444 0.037500 0.093778
0 0.135750 0.536889 0.037500 0.025778
0 0.116750 0.812222 0.028000 0.021778
0 0.100625 0.780222 0.057750 0.039556
0 0.053875 0.800000 0.043250 0.041778
0 0.069625 0.686444 0.057750 0.053778
0 0.044000 0.654889 0.050000 0.026222
0 0.101125 0.579111 0.069750 0.081778
0 0.065375 0.532000 0.055750 0.065778
0 0.049000 0.472000 0.074500 0.101333
0 0.190000 0.711111 0.033000 0.060444
0 0.157875 0.767333 0.025250 0.039556
0 0.173875 0.849111 0.034750 0.052000
0 0.223750 0.797778 0.058000 0.080000
0 0.266500 0.806667 0.027500 0.044444
0 0.297000 0.872444 0.036500 0.027556
0 0.290750 0.748889 0.037000 0.048000
0 0.251625 0.590667 0.021750 0.020444
0 0.083625 0.212222 0.082750 0.099111
0 0.125125 0.201111 0.069750 0.132889
0 0.328375 0.678000 0.028750 0.068889
0 0.336500 0.758000 0.056000 0.058222
0 0.362500 0.879556 0.067000 0.064889
0 0.398750 0.765556 0.056500 0.064444
0 0.433875 0.890889 0.039750 0.083111
0 0.463000 0.850000 0.031500 0.064444
0 0.498250 0.756889 0.041500 0.084444
0 0.459500 0.592889 0.032000 0.054222
0 0.558625 0.318222 0.027750 0.070222
0 0.558125 0.386444 0.028250 0.108889
0 0.532875 0.522222 0.018750 0.042667
0 0.529875 0.580000 0.037250 0.063111
0 0.552625 0.599778 0.029250 0.046667
0 0.559375 0.726000 0.057250 0.098222
0 0.611625 0.851333 0.042750 0.109778
0 0.621500 0.724000 0.024500 0.056000
0 0.593375 0.371778 0.035750 0.079556
0 0.620375 0.354222 0.014750 0.028444
0 0.552750 0.149111 0.031500 0.092889
0 0.582875 0.176222 0.039250 0.087556
0 0.616750 0.136222 0.022000 0.085778
0 0.631500 0.165556 0.019500 0.055556
0 0.653375 0.256667 0.010750 0.031556
0 0.614125 0.234222 0.020250 0.099556
0 0.660250 0.365778 0.056000 0.088889
0 0.671500 0.333556 0.020500 0.035111
0 0.651750 0.480667 0.061000 0.058222
0 0.673375 0.585333 0.041250 0.042667
0 0.658375 0.646222 0.040750 0.072000
0 0.681250 0.692444 0.048000 0.081778
0 0.663125 0.797556 0.010250 0.016444
0 0.744000 0.849778 0.055500 0.092444
0 0.755375 0.739111 0.067250 0.067556
0 0.743250 0.708444 0.033500 0.018667
0 0.799625 0.674000 0.047750 0.057333
0 0.844750 0.695333 0.011500 0.010222
0 0.807125 0.815333 0.036750 0.044889
0 0.875125 0.846667 0.061750 0.051556
0 0.887625 0.699556 0.032750 0.032889
0 0.722125 0.426889 0.036250 0.051111
0 0.740750 0.385556 0.059000 0.057333
0 0.727500 0.303111 0.042000 0.074667
0 0.714500 0.140000 0.033000 0.071111
0 0.728000 0.218667 0.056000 0.123556
0 0.747625 0.196222 0.057250 0.146222
0 0.777625 0.132444 0.030250 0.073778
0 0.824000 0.169111 0.048000 0.060000
0 0.853750 0.158889 0.054500 0.072444
0 0.782875 0.256667 0.031750 0.048444
0 0.764125 0.261111 0.029750 0.060889
0 0.779875 0.315111 0.044250 0.073778
0 0.793750 0.437556 0.023000 0.044000
0 0.697125 0.544222 0.053250 0.052889
0 0.910875 0.237778 0.022750 0.022222
0 0.900375 0.254667 0.020250 0.025778
0 0.850750 0.245556 0.068500 0.076889
0 0.862750 0.266444 0.036000 0.028000
0 0.876875 0.321333 0.051250 0.088889
0 0.951375 0.299556 0.040750 0.072889
0 0.902625 0.394667 0.072750 0.144000
0 0.861875 0.511111 0.043250 0.048889
0 0.830750 0.397111 0.027000 0.034222
0 0.937500 0.807778 0.018500 0.031556
0 0.969500 0.517111 0.061000 0.060889
0 0.903000 0.393556 0.071500 0.141778
0 0.959500 0.396000 0.045500 0.083556