0 0.135625 0.081556 0.030250 0.072444
0 0.192875 0.055111 0.048750 0.070222
0 0.153500 0.154667 0.058500 0.100444
0 0.097875 0.134222 0.057250 0.107556
0 0.081250 0.164000 0.081000 0.063111
0 0.093875 0.236667 0.070250 0.078667
0 0.222375 0.131333 0.057750 0.124000
0 0.251750 0.092222 0.050500 0.065333
0 0.269375 0.157778 0.058750 0.112000
0 0.316000 0.204889 0.027000 0.037333
0 0.337500 0.130889 0.025000 0.068000
0 0.277125 0.270222 0.021750 0.058667
0 0.165625 0.287556 0.038750 0.063111
0 0.200750 0.310000 0.051500 0.105333
0 0.201000 0.255556 0.049000 0.092444
0 0.260875 0.334444 0.052250 0.116889
0 0.309875 0.342000 0.027250 0.050222
0 0.352250 0.327333 0.044000 0.124000
0 0.366875 0.280667 0.028250 0.065333
0 0.389750 0.163333 0.036000 0.123111
0 0.438625 0.157333 0.053250 0.134222
0 0.441125 0.097111 0.020750 0.056444
0 0.455500 0.233111 0.031000 0.124889
0 0.434000 0.340889 0.035000 0.066667
0 0.374875 0.450889 0.023750 0.055556
0 0.443000 0.437556 0.015000 0.044000
0 0.310000 0.428222 0.046000 0.109778
0 0.342125 0.482444 0.039250 0.071556
0 0.243875 0.515778 0.036250 0.079556
0 0.200250 0.484222 0.033500 0.051111
0 0.185750 0.426667 0.091500 0.077333
0 0.104000 0.474667 0.085500 0.126222
0 0.050750 0.541556 0.076500 0.062667
0 0.116625 0.376000 0.080250 0.080889
0 0.129750 0.330889 0.067000 0.049333
0 0.067750 0.295778 0.063000 0.075111
0 0.099250 0.638667 0.060500 0.046222
0 0.076750 0.651556 0.058500 0.041778
0 0.058625 0.601333 0.110750 0.056000
0 0.163000 0.625111 0.054000 0.048444
0 0.204000 0.606667 0.033000 0.052444
0 0.202000 0.775778 0.041000 0.071556
0 0.222875 0.711556 0.073750 0.064000
0 0.257875 0.666444 0.028750 0.049333
0 0.293750 0.608667 0.038500 0.132000
0 0.359250 0.827111 0.034500 0.096000
0 0.428000 0.763333 0.062500 0.116000
0 0.405125 0.657778 0.036750 0.057778
0 0.354250 0.618222 0.022000 0.050667
0 0.370750 0.602444 0.014000 0.051111
0 0.321000 0.547333 0.020000 0.046667
0 0.350000 0.544667 0.028000 0.031556
0 0.411125 0.525333 0.028750 0.047111
0 0.438125 0.503556 0.024750 0.033778
0 0.492375 0.100000 0.020250 0.094222
0 0.591125 0.108222 0.031250 0.100000
0 0.568750 0.128444 0.026000 0.093333
0 0.544750 0.172444 0.030500 0.118222
0 0.518750 0.199778 0.028500 0.065333
0 0.498250 0.296444 0.015000 0.040889
0 0.498500 0.389556 0.025000 0.068000
0 0.483875 0.548444 0.011250 0.030222
0 0.519750 0.640667 0.026000 0.042222
0 0.503375 0.729556 0.032750 0.038667
0 0.553000 0.552000 0.016500 0.035556
0 0.563000 0.528000 0.018500 0.045333
0 0.530750 0.484000 0.025000 0.048889
0 0.550125 0.314667 0.032750 0.144889
0 0.594125 0.258000 0.032750 0.124889
0 0.636125 0.370667 0.013250 0.041778
0 0.618375 0.494667 0.028750 0.100444
0 0.618500 0.634000 0.039500 0.062667
0 0.653500 0.452000 0.052000 0.064889
0 0.683375 0.411111 0.042750 0.069333
0 0.666750 0.556444 0.053500 0.048000
0 0.674250 0.614667 0.047500 0.088000
0 0.662750 0.707556 0.033500 0.035556
0 0.683125 0.831556 0.036250 0.098667
0 0.748875 0.790222 0.044750 0.092444
0 0.706625 0.690000 0.018250 0.046667
0 0.697375 0.543778 0.011750 0.019111
0 0.705625 0.461111 0.033750 0.050222
0 0.676625 0.260000 0.031250 0.073778
0 0.666000 0.164444 0.037500 0.141333
0 0.712875 0.150222 0.029750 0.057778
0 0.735250 0.295333 0.053500 0.054667
0 0.773375 0.319111 0.029750 0.032889
0 0.959000 0.013556 0.020500 0.026222
0 0.984125 0.043111 0.031750 0.065778
0 0.835875 0.130667 0.034750 0.055111
0 0.890625 0.107333 0.040750 0.076000
0 0.861125 0.221556 0.017250 0.036000
0 0.797500 0.250222 0.018500 0.028444
0 0.746625 0.238444 0.009250 0.025333
0 0.811500 0.252667 0.024500 0.063556
0 0.873375 0.283778 0.068750 0.104444
0 0.933750 0.267111 0.050000 0.069333
0 0.889500 0.343111 0.043500 0.096889
0 0.822375 0.382444 0.048750 0.060889
0 0.786375 0.445556 0.055250 0.065333
0 0.823750 0.459556 0.052500 0.044444
0 0.791125 0.529333 0.038750 0.045333
0 0.785125 0.665556 0.029750 0.013778
0 0.828250 0.747556 0.027500 0.023111
0 0.895750 0.737556 0.070500 0.078667
0 0.892250 0.622667 0.062500 0.050667
0 0.866875 0.538444 0.070250 0.085778
0 0.882375 0.519778 0.026250 0.031556
0 0.903625 0.410889 0.070250 0.080444
0 0.941125 0.327333 0.053250 0.095556
0 0.890000 0.215778 0.006500 0.015556
0 0.958375 0.578222 0.038750 0.024889
0 0.945000 0.676222 0.024500 0.016444
0 0.962250 0.756889 0.075500 0.070222