0 0.149500 0.127111 0.060000 0.150222
0 0.261000 0.143111 0.047500 0.112000
0 0.315125 0.147778 0.064250 0.113333
0 0.411500 0.168444 0.051000 0.096000
0 0.507000 0.161111 0.026000 0.057333
0 0.542000 0.173333 0.030500 0.080000
0 0.653750 0.171778 0.015500 0.051111
0 0.598750 0.194667 0.019500 0.072889
0 0.609750 0.235556 0.038000 0.124444
0 0.712250 0.194000 0.019500 0.056444
0 0.738875 0.208222 0.030750 0.045778
0 0.704875 0.287778 0.044750 0.056444
0 0.762875 0.276000 0.041750 0.071111
0 0.791375 0.159111 0.046750 0.085333
0 0.878250 0.323556 0.043000 0.056000
0 0.856750 0.358000 0.037500 0.036000
0 0.817625 0.296667 0.023250 0.029778
0 0.784000 0.332889 0.056000 0.104000
0 0.807375 0.334444 0.041750 0.087556
0 0.804500 0.416889 0.080500 0.084444
0 0.899625 0.390222 0.035750 0.034667
0 0.742000 0.415778 0.028000 0.049333
0 0.687500 0.423111 0.048000 0.131556
0 0.715625 0.430667 0.041750 0.100444
0 0.644875 0.348667 0.043250 0.092889
0 0.610250 0.434000 0.046000 0.064444
0 0.623750 0.463778 0.025500 0.041333
0 0.537875 0.360000 0.031250 0.085333
0 0.484750 0.429778 0.083500 0.092444
0 0.480875 0.310000 0.036750 0.092000
0 0.487000 0.209111 0.038000 0.142667
0 0.461500 0.348000 0.039500 0.080889
0 0.441750 0.344444 0.024000 0.047111
0 0.376250 0.297778 0.029500 0.106667
0 0.332625 0.386000 0.031250 0.108000
0 0.275625 0.321111 0.056250 0.063556
0 0.258125 0.238444 0.076750 0.071556
0 0.205500 0.366444 0.058000 0.089333
0 0.098375 0.374889 0.071250 0.049333
0 0.088500 0.437778 0.057500 0.117333
0 0.076750 0.544444 0.062000 0.089778
0 0.042375 0.695333 0.084250 0.047556
0 0.099250 0.751111 0.016000 0.008000
0 0.171250 0.752000 0.048500 0.052444
0 0.157500 0.651333 0.046000 0.052000
0 0.140875 0.532889 0.059750 0.072889
0 0.194375 0.531778 0.030250 0.054667
0 0.255125 0.518667 0.063250 0.090667
0 0.249000 0.628667 0.046500 0.050222
0 0.252875 0.792889 0.011750 0.020444
0 0.212000 0.864222 0.013500 0.017333
0 0.241250 0.870222 0.023000 0.016000
0 0.280125 0.860222 0.006250 0.009333
0 0.310000 0.673778 0.044500 0.051556
0 0.319125 0.568667 0.032750 0.049333
0 0.376375 0.454667 0.048750 0.080000
0 0.434000 0.508667 0.043000 0.065333
0 0.461000 0.472667 0.019000 0.061778
0 0.492500 0.523556 0.017000 0.041778
0 0.553125 0.525333 0.031750 0.075556
0 0.571500 0.510667 0.055500 0.064889
0 0.918125 0.461778 0.059750 0.048000
0 0.884875 0.490889 0.037250 0.071556
0 0.839625 0.549111 0.061750 0.082222
0 0.874375 0.581333 0.024250 0.022222
0 0.946750 0.487333 0.072000 0.044000
0 0.963375 0.557111 0.073250 0.053778
0 0.954750 0.678667 0.059500 0.065778
0 0.926625 0.710222 0.046750 0.058667
0 0.937625 0.785778 0.046750 0.045333
0 0.909500 0.814889 0.018500 0.008444
0 0.881875 0.856222 0.032250 0.040444
0 0.841500 0.755556 0.055000 0.051556
0 0.783250 0.873111 0.043000 0.040444
0 0.783750 0.785778 0.033000 0.038222
0 0.773750 0.743778 0.026000 0.039556
0 0.728125 0.758444 0.040750 0.035111
0 0.657000 0.833111 0.019500 0.025333
0 0.660500 0.754222 0.017000 0.044444
0 0.659000 0.672222 0.007000 0.007556
0 0.731125 0.657778 0.062750 0.049778
0 0.782875 0.657111 0.064250 0.053778
0 0.560000 0.883778 0.021500 0.031556
0 0.562000 0.753778 0.028000 0.054222
0 0.607375 0.761333 0.007250 0.010667
0 0.497750 0.854889 0.011000 0.018222
0 0.444750 0.855556 0.025000 0.072000
0 0.505625 0.766222 0.036750 0.058667
0 0.488750 0.672000 0.049000 0.052444
0 0.565375 0.629333 0.047250 0.052444
0 0.615750 0.664222 0.031500 0.070667
0 0.634250 0.575556 0.056500 0.052444
0 0.676250 0.553333 0.031000 0.056000
0 0.373375 0.762000 0.018750 0.040444
0 0.337125 0.752222 0.020750 0.048444
0 0.355125 0.531778 0.057250 0.129333
0 0.352250 0.582222 0.042000 0.041778
0 0.610375 0.354667 0.029750 0.090667