0 0.116250 0.105778 0.052000 0.111111
0 0.185750 0.126889 0.037500 0.073333
0 0.243625 0.155556 0.021750 0.067556
0 0.312250 0.137111 0.019000 0.098222
0 0.341875 0.120444 0.025750 0.131556
0 0.395750 0.147333 0.023000 0.055556
0 0.448750 0.144444 0.027500 0.073778
0 0.454375 0.213333 0.029750 0.069333
0 0.491750 0.166667 0.024000 0.064000
0 0.358250 0.241333 0.010000 0.045333
0 0.335750 0.286444 0.019000 0.060889
0 0.255875 0.301111 0.035750 0.061778
0 0.230625 0.202222 0.019250 0.041778
0 0.218625 0.227556 0.017750 0.031111
0 0.171125 0.283111 0.038250 0.072889
0 0.095625 0.265778 0.058750 0.092444
0 0.157625 0.406889 0.021750 0.030667
0 0.213250 0.363333 0.029000 0.054667
0 0.065750 0.365333 0.071000 0.092444
0 0.092625 0.442667 0.038250 0.059556
0 0.078750 0.597778 0.008500 0.016000
0 0.060250 0.774444 0.041500 0.037778
0 0.137750 0.623333 0.041500 0.063556
0 0.141500 0.568889 0.029000 0.043556
0 0.178625 0.801111 0.041750 0.063556
0 0.185625 0.752667 0.043250 0.038667
0 0.205000 0.691333 0.044000 0.060889
0 0.193375 0.603111 0.020750 0.029333
0 0.189500 0.554667 0.037000 0.032889
0 0.216375 0.478889 0.015750 0.022667
0 0.239125 0.480222 0.044250 0.047556
0 0.265875 0.608889 0.026250 0.089778
0 0.255375 0.707111 0.027750 0.038222
0 0.310500 0.762667 0.010500 0.014222
0 0.308250 0.648667 0.031000 0.066222
0 0.308625 0.583111 0.017250 0.048000
0 0.311625 0.478444 0.028250 0.052000
0 0.354125 0.354889 0.025750 0.071556
0 0.390250 0.282444 0.025000 0.081333
0 0.391750 0.393111 0.019000 0.068000
0 0.391375 0.657778 0.025250 0.043556
0 0.439250 0.814667 0.015000 0.045333
0 0.444125 0.571556 0.023750 0.040889
0 0.437625 0.318000 0.019750 0.037778
0 0.499000 0.330000 0.016500 0.060889
0 0.511375 0.449111 0.019750 0.052000
0 0.510625 0.580222 0.042250 0.044000
0 0.459500 0.673111 0.011500 0.020000
0 0.486750 0.704667 0.029000 0.052000
0 0.489875 0.756667 0.019250 0.037778
0 0.543125 0.801111 0.025750 0.023556
0 0.529875 0.694000 0.004750 0.008444
0 0.559375 0.586667 0.030250 0.078222
0 0.577375 0.498889 0.021750 0.043111
0 0.573875 0.383556 0.015250 0.044444
0 0.558500 0.225778 0.034000 0.093333
0 0.557625 0.140222 0.023250 0.079556
0 0.624250 0.209778 0.035500 0.118222
0 0.637250 0.181778 0.036000 0.062222
0 0.665250 0.250889 0.022500 0.048444
0 0.666750 0.195111 0.057000 0.063111
0 0.699625 0.278444 0.022750 0.060889
0 0.621125 0.320000 0.050250 0.064000
0 0.662125 0.348889 0.015250 0.033778
0 0.637000 0.411111 0.033500 0.064000
0 0.605125 0.477111 0.005250 0.025333
0 0.623750 0.588444 0.017000 0.021333
0 0.658125 0.613333 0.025750 0.043556
0 0.648500 0.712889 0.016500 0.052444
0 0.681250 0.833556 0.054500 0.076000
0 0.671000 0.482889 0.039500 0.098222
0 0.679375 0.385778 0.040250 0.058667
0 0.736875 0.197111 0.043750 0.066222
0 0.776000 0.177333 0.050500 0.064000
0 0.766500 0.246667 0.040500 0.081778
0 0.740875 0.349556 0.051250 0.075111
0 0.730500 0.407333 0.031000 0.050222
0 0.713500 0.515556 0.018000 0.030222
0 0.738125 0.573111 0.035750 0.051111
0 0.754000 0.757333 0.046000 0.104000
0 0.752125 0.823111 0.048750 0.040889
0 0.800000 0.722444 0.063000 0.052889
0 0.803125 0.826667 0.038750 0.063111
0 0.853875 0.748000 0.047250 0.049778
0 0.803500 0.606444 0.048000 0.066222
0 0.921750 0.788000 0.042000 0.033778
0 0.930250 0.843778 0.076000 0.057333
0 0.955750 0.745556 0.014500 0.010222
0 0.893375 0.510000 0.044750 0.051111
0 0.970750 0.586000 0.056000 0.058222
0 0.950000 0.409333 0.052500 0.053333
0 0.875500 0.410667 0.010500 0.021333
0 0.848750 0.475333 0.039500 0.048444
0 0.799625 0.498222 0.058250 0.065778
0 0.806625 0.513778 0.030250 0.044444
0 0.784500 0.445111 0.035000 0.036000
0 0.823625 0.323111 0.039250 0.063111
0 0.784250 0.308889 0.054000 0.080000
0 0.802500 0.193111 0.025000 0.049333
0 0.862875 0.178444 0.047750 0.057333
0 0.830000 0.266222 0.050500 0.066667
0 0.815000 0.450222 0.018500 0.032889
0 0.950000 0.344444 0.048500 0.090667
0 0.902500 0.311556 0.056500 0.062222
0 0.892750 0.270889 0.055500 0.068889
0 0.920375 0.195778 0.047250 0.067111
0 0.921500 0.253556 0.054500 0.084000