0 0.857750 0.533333 0.046000 0.034667
0 0.604750 0.331778 0.033500 0.065333
0 0.718750 0.267333 0.024000 0.036000
0 0.686250 0.190000 0.012500 0.026222
0 0.730500 0.299778 0.015000 0.020889
0 0.746125 0.394222 0.024250 0.026667
0 0.761375 0.537333 0.034250 0.029333
0 0.781250 0.578222 0.016500 0.027556
0 0.744125 0.728222 0.010750 0.013778
0 0.762875 0.754000 0.007750 0.012889
0 0.823375 0.760222 0.013250 0.016444
0 0.928500 0.574222 0.025000 0.024889
0 0.609750 0.794889 0.015500 0.028000
0 0.600000 0.818000 0.010000 0.018222
0 0.621000 0.222000 0.005500 0.018222
0 0.537500 0.183333 0.010000 0.020889
0 0.545625 0.223333 0.018750 0.045778
0 0.521125 0.252000 0.007750 0.018667
0 0.557875 0.371778 0.009250 0.013778
0 0.605500 0.460000 0.012000 0.022222
0 0.641500 0.542000 0.025500 0.028889
0 0.558625 0.561333 0.020250 0.044444
0 0.524750 0.474444 0.027500 0.039556
0 0.473125 0.423111 0.016250 0.053333
0 0.437750 0.448667 0.008000 0.034222
0 0.436750 0.408444 0.015000 0.044444
0 0.400875 0.533333 0.019250 0.039111
0 0.471125 0.601778 0.006750 0.005333
0 0.431375 0.831778 0.006250 0.036000
0 0.405500 0.737556 0.016000 0.025333
0 0.344250 0.717556 0.004000 0.020000
0 0.276625 0.746222 0.019750 0.027556
0 0.241875 0.806000 0.043250 0.049333
0 0.219375 0.822889 0.017750 0.056444
0 0.156625 0.724444 0.031750 0.026667
0 0.082375 0.789333 0.032250 0.038222
0 0.057250 0.696889 0.050000 0.064000
0 0.086750 0.620444 0.023500 0.016889
0 0.034375 0.456667 0.042750 0.079556
0 0.060375 0.522222 0.033250 0.075556
0 0.098750 0.439333 0.028500 0.039556
0 0.161625 0.478222 0.054750 0.062222
0 0.241125 0.442222 0.027250 0.045333
0 0.329375 0.468000 0.006750 0.016000
0 0.245625 0.620444 0.032750 0.061333
0 0.093750 0.350667 0.039500 0.089778
0 0.103875 0.264667 0.035750 0.055556
0 0.101250 0.213333 0.022500 0.026667
0 0.135125 0.348667 0.043250 0.061778
0 0.186875 0.299556 0.042750 0.074667
0 0.191750 0.192667 0.013500 0.035111
0 0.100625 0.152444 0.056250 0.093333
0 0.244000 0.182444 0.011000 0.014667
0 0.304875 0.218444 0.008750 0.016444
0 0.315125 0.262000 0.011250 0.053778
0 0.255125 0.346000 0.032250 0.036000
0 0.354625 0.323778 0.008250 0.078667
0 0.466875 0.282889 0.007750 0.037778