0 0.010750 0.071333 0.021000 0.101778
0 0.100875 0.153778 0.093250 0.133333
0 0.004000 0.004444 0.007500 0.008000
0 0.068000 0.223111 0.064000 0.055111
0 0.004250 0.272889 0.008000 0.016000
0 0.103500 0.291778 0.088000 0.063556
0 0.148250 0.383778 0.032000 0.025333
0 0.125125 0.428444 0.074750 0.070222
0 0.138500 0.454000 0.037500 0.037778
0 0.124125 0.478667 0.060250 0.036444
0 0.008625 0.586000 0.016750 0.012889
0 0.005125 0.473556 0.009750 0.004889
0 0.006750 0.392000 0.013000 0.016000
0 0.006375 0.651778 0.012250 0.014667
0 0.006500 0.862889 0.012500 0.013778
0 0.073375 0.570889 0.091250 0.103556
0 0.121000 0.655778 0.066500 0.055556
0 0.137875 0.687778 0.042250 0.023556
0 0.090875 0.772222 0.055250 0.076889
0 0.091000 0.842444 0.071500 0.053778
0 0.137750 0.857556 0.045500 0.039556
0 0.129625 0.791333 0.053750 0.043111
0 0.172625 0.756222 0.043750 0.029778
0 0.188500 0.706889 0.048500 0.065333
0 0.182625 0.653778 0.023750 0.016000
0 0.149000 0.564667 0.046500 0.039556
0 0.199125 0.558889 0.031750 0.032444
0 0.198125 0.470000 0.044250 0.053778
0 0.188000 0.416667 0.021000 0.016444
0 0.212750 0.387333 0.077500 0.056444
0 0.169125 0.227778 0.068250 0.094667
0 0.158375 0.127333 0.086750 0.117778
0 0.235625 0.230000 0.047750 0.089333
0 0.243625 0.168222 0.018250 0.035111
0 0.256125 0.322889 0.032250 0.052889
0 0.234250 0.452889 0.015500 0.011556
0 0.241250 0.522222 0.037500 0.044444
0 0.279375 0.542222 0.053250 0.058667
0 0.235250 0.686444 0.045000 0.046667
0 0.232750 0.726889 0.029500 0.031556
0 0.257000 0.731556 0.036000 0.034667
0 0.228125 0.787556 0.046750 0.079111
0 0.252250 0.809556 0.020500 0.044889
0 0.235375 0.834000 0.013750 0.013778
0 0.290375 0.834889 0.031250 0.028889
0 0.292750 0.671778 0.061000 0.049333
0 0.310750 0.473556 0.058500 0.052889
0 0.295375 0.437333 0.023250 0.024000
0 0.288500 0.136889 0.041000 0.076444
0 0.337000 0.227333 0.032500 0.043111
0 0.353125 0.199778 0.011750 0.015556
0 0.312125 0.324222 0.077750 0.084000
0 0.337500 0.589556 0.030000 0.059111
0 0.341125 0.727111 0.019750 0.032000
0 0.353125 0.755778 0.027250 0.041333
0 0.335625 0.799333 0.044250 0.043111
0 0.404625 0.734889 0.025250 0.035111
0 0.380250 0.653556 0.025000 0.033333
0 0.408875 0.534000 0.030250 0.045778
0 0.389625 0.462000 0.027750 0.050222
0 0.402750 0.363556 0.032000 0.045333
0 0.416750 0.453333 0.024000 0.045333
0 0.441625 0.117556 0.032750 0.146222
0 0.438375 0.181556 0.016250 0.042222
0 0.431750 0.229333 0.045500 0.096889
0 0.439875 0.321556 0.029250 0.036000
0 0.443250 0.420667 0.038500 0.088444
0 0.451000 0.505556 0.032000 0.076889
0 0.454500 0.608444 0.035500 0.090667
0 0.454625 0.661333 0.026750 0.044444
0 0.455500 0.778889 0.014500 0.020889
0 0.501500 0.681778 0.016000 0.010667
0 0.512500 0.762000 0.027000 0.032444
0 0.489375 0.586889 0.032250 0.055556
0 0.517500 0.522000 0.022000 0.028889
0 0.513250 0.417778 0.019500 0.012444
0 0.508125 0.322222 0.015750 0.025778
0 0.505875 0.200000 0.039750 0.075556
0 0.542375 0.114222 0.017250 0.040889
0 0.569125 0.274000 0.027750 0.135556
0 0.600375 0.295778 0.042250 0.059111
0 0.576000 0.484889 0.018000 0.032889
0 0.618750 0.473778 0.032500 0.053333
0 0.555750 0.612222 0.020500 0.041333
0 0.579000 0.639778 0.025500 0.050222
0 0.611000 0.640000 0.015500 0.048000
0 0.573625 0.697556 0.015250 0.016444
0 0.663125 0.653778 0.029250 0.066667
0 0.686000 0.708444 0.034500 0.039111
0 0.696250 0.835778 0.034000 0.049333
0 0.702000 0.412000 0.033000 0.045333
0 0.671375 0.244444 0.033750 0.095111
0 0.634000 0.170222 0.053500 0.125333
0 0.599875 0.122444 0.009250 0.047556
0 0.654875 0.141111 0.013250 0.034222
0 0.670750 0.083111 0.028500 0.099556
0 0.688750 0.205111 0.021000 0.033333
0 0.721000 0.253778 0.025500 0.072889
0 0.738125 0.197556 0.013250 0.038667
0 0.723125 0.115556 0.019750 0.050667
0 0.745625 0.083333 0.028250 0.083111
0 0.760250 0.417556 0.044000 0.060889
0 0.753875 0.480000 0.027750 0.036444
0 0.733125 0.566222 0.025250 0.040000
0 0.749750 0.715333 0.042000 0.058222
0 0.745500 0.806667 0.023500 0.042667
0 0.792875 0.786222 0.014750 0.026667
0 0.793750 0.716222 0.033500 0.047556
0 0.804000 0.641556 0.032500 0.053778
0 0.772875 0.565556 0.040250 0.036000
0 0.804375 0.494444 0.040750 0.052889
0 0.806875 0.349111 0.031250 0.041333
0 0.812250 0.267333 0.037500 0.046667
0 0.792250 0.157778 0.031500 0.062222
0 0.856750 0.085778 0.029000 0.048000
0 0.840625 0.146889 0.038250 0.068000
0 0.854875 0.217333 0.040250 0.048000
0 0.900125 0.187111 0.033750 0.029333
0 0.918250 0.278667 0.035000 0.052444
0 0.917500 0.383333 0.027500 0.017333
0 0.846875 0.393111 0.007750 0.020889
0 0.842375 0.480000 0.034250 0.048889
0 0.879500 0.476889 0.034000 0.027556
0 0.866500 0.586222 0.053000 0.062222
0 0.880500 0.694000 0.036000 0.027111
0 0.858875 0.798889 0.023750 0.030667
0 0.886500 0.780667 0.028500 0.019111
0 0.926375 0.803778 0.020750 0.018222
0 0.928250 0.512222 0.043500 0.025333