0 0.015625 0.019778 0.023750 0.029778
0 0.033625 0.012444 0.020750 0.024000
0 0.079750 0.014889 0.015000 0.004889
0 0.084625 0.009778 0.027750 0.018667
0 0.115250 0.010000 0.017000 0.019111
0 0.059750 0.002889 0.016000 0.004889
0 0.121000 0.068000 0.030500 0.035556
0 0.034750 0.090000 0.069000 0.068000
0 0.043000 0.198000 0.085500 0.050222
0 0.091375 0.187778 0.032250 0.024444
0 0.109375 0.169111 0.023750 0.013778
0 0.152000 0.106444 0.018500 0.015556
0 0.154625 0.248444 0.029750 0.042667
0 0.105375 0.295778 0.016750 0.010222
0 0.039750 0.278889 0.056500 0.040444
0 0.126625 0.314667 0.038750 0.026667
0 0.066625 0.345556 0.054750 0.048444
0 0.083750 0.407778 0.068000 0.059111
0 0.114500 0.362000 0.048000 0.033333
0 0.135625 0.387111 0.048250 0.055111
0 0.071250 0.470889 0.040000 0.021778
0 0.144625 0.502889 0.077250 0.061778
0 0.154875 0.528444 0.040250 0.048889
0 0.094250 0.530889 0.048500 0.023556
0 0.037875 0.567778 0.075250 0.049333
0 0.060375 0.638444 0.061750 0.040444
0 0.134750 0.719778 0.075500 0.056444
0 0.080000 0.717111 0.082000 0.076889
0 0.137375 0.619111 0.080250 0.090667
0 0.183000 0.765333 0.067000 0.104889
0 0.248375 0.741556 0.046750 0.092000
0 0.264875 0.664444 0.039750 0.040000
0 0.230500 0.578444 0.066000 0.052000
0 0.208875 0.525556 0.037750 0.020889
0 0.220000 0.442667 0.010000 0.015111
0 0.209750 0.348222 0.049500 0.072444
0 0.210500 0.303111 0.035000 0.029333
0 0.207625 0.103778 0.046750 0.093778
0 0.253250 0.054444 0.021000 0.048444
0 0.322625 0.193556 0.036250 0.047556
0 0.303125 0.148222 0.022250 0.053778
0 0.307000 0.259111 0.055000 0.044444
0 0.313500 0.293111 0.038000 0.041333
0 0.303750 0.320444 0.046000 0.045333
0 0.339250 0.364889 0.058000 0.062222
0 0.270250 0.378889 0.029500 0.042222
0 0.302125 0.472000 0.045750 0.024000
0 0.262500 0.508444 0.041500 0.053333
0 0.347250 0.685111 0.063000 0.075111
0 0.312000 0.733333 0.060000 0.067556
0 0.358375 0.764444 0.018750 0.044444
0 0.414250 0.689556 0.026000 0.046667
0 0.364875 0.548222 0.048250 0.055556
0 0.376500 0.477333 0.036000 0.042667
0 0.358125 0.444889 0.023750 0.035556
0 0.350875 0.090000 0.026250 0.051111
0 0.395125 0.098000 0.051750 0.064444
0 0.385500 0.140889 0.026500 0.075556
0 0.407875 0.193333 0.037750 0.044444
0 0.397125 0.278667 0.036250 0.056889
0 0.374625 0.004667 0.010750 0.008444
0 0.316125 0.004000 0.010250 0.007111
0 0.270500 0.006000 0.012500 0.011111
0 0.489500 0.087778 0.013000 0.031556
0 0.475000 0.114222 0.011500 0.079111
0 0.461625 0.179778 0.031250 0.074222
0 0.473125 0.232222 0.027750 0.053778
0 0.453875 0.258667 0.026250 0.047111
0 0.456500 0.338889 0.017500 0.044000
0 0.521875 0.265778 0.041750 0.072889
0 0.530250 0.237778 0.023500 0.029333
0 0.527750 0.406000 0.039500 0.065333
0 0.472625 0.452222 0.008250 0.020889
0 0.437125 0.457333 0.007250 0.012444
0 0.464500 0.550667 0.026000 0.069333
0 0.538000 0.552667 0.021000 0.029778
0 0.529125 0.482444 0.028250 0.066222
0 0.466750 0.758667 0.025500 0.062222
0 0.570125 0.756667 0.010750 0.046667
0 0.582625 0.656889 0.015250 0.034667
0 0.596500 0.589778 0.011500 0.029333
0 0.590625 0.457556 0.039250 0.044889
0 0.587500 0.347333 0.036000 0.060889
0 0.592250 0.306000 0.021000 0.028000
0 0.569000 0.291333 0.019500 0.031556
0 0.569625 0.184000 0.030250 0.056000
0 0.553000 0.048222 0.016500 0.057333
0 0.534125 0.086667 0.006750 0.020444
0 0.664125 0.157778 0.030250 0.064000
0 0.619625 0.270889 0.020750 0.021778
0 0.640000 0.381333 0.036500 0.027556
0 0.642500 0.589333 0.034000 0.048000
0 0.636125 0.688000 0.009250 0.031111
0 0.634875 0.749556 0.033250 0.058222
0 0.692625 0.763111 0.032250 0.064889
0 0.701750 0.691556 0.054000 0.055111
0 0.730625 0.631778 0.005250 0.011111
0 0.699625 0.526667 0.040750 0.047111
0 0.706625 0.441778 0.017750 0.016000
0 0.673125 0.351111 0.032250 0.074667
0 0.687500 0.232222 0.017000 0.049333
0 0.699125 0.066000 0.024250 0.044000
0 0.712625 0.078667 0.024750 0.041778
0 0.727875 0.139111 0.049750 0.086222
0 0.764125 0.380444 0.011250 0.010667
0 0.751250 0.083111 0.016000 0.027556
0 0.799250 0.276222 0.007000 0.010222
0 0.800500 0.297778 0.009000 0.008889
0 0.789625 0.365111 0.014250 0.019111
0 0.856250 0.354889 0.009000 0.012000
0 0.758625 0.472889 0.018250 0.017778
0 0.752750 0.538889 0.013000 0.007556
0 0.797125 0.526889 0.011250 0.011111
0 0.807000 0.634667 0.005500 0.006222
0 0.783250 0.754889 0.006000 0.014667
0 0.858250 0.756667 0.011500 0.013778
0 0.861625 0.664222 0.010250 0.011111
0 0.813250 0.480222 0.028500 0.026222
0 0.846625 0.486889 0.009750 0.007556
0 0.868125 0.450000 0.025250 0.014667
0 0.814750 0.071333 0.004500 0.005778