0 0.211875 0.102667 0.035750 0.078222
0 0.264250 0.098889 0.042500 0.099111
0 0.311875 0.144889 0.011250 0.029333
0 0.202000 0.180000 0.042000 0.080000
0 0.164000 0.196000 0.046500 0.060444
0 0.256500 0.232444 0.014000 0.023111
0 0.255375 0.336667 0.029250 0.079556
0 0.237625 0.280667 0.041250 0.036889
0 0.158000 0.327111 0.033000 0.034667
0 0.127500 0.449778 0.056500 0.029333
0 0.143250 0.549778 0.044000 0.100444
0 0.180500 0.633111 0.046000 0.065333
0 0.188125 0.766000 0.028750 0.045778
0 0.173625 0.554000 0.031750 0.038667
0 0.216000 0.567111 0.058500 0.045333
0 0.233750 0.639556 0.027500 0.056889
0 0.290125 0.718222 0.024750 0.020444
0 0.288625 0.605333 0.042250 0.057778
0 0.302625 0.537111 0.007750 0.029778
0 0.282875 0.498889 0.041750 0.052889
0 0.291750 0.268444 0.047500 0.107556
0 0.311750 0.220444 0.012500 0.060444
0 0.386500 0.224444 0.049000 0.088000
0 0.376250 0.300889 0.008500 0.024000
0 0.360125 0.472889 0.071750 0.081778
0 0.358750 0.558667 0.025000 0.072889
0 0.352875 0.646667 0.025750 0.050667
0 0.347500 0.738444 0.020500 0.029778
0 0.411750 0.734000 0.047000 0.055556
0 0.396000 0.653333 0.018500 0.040000
0 0.410125 0.455778 0.007750 0.023556
0 0.457625 0.303333 0.022250 0.049333
0 0.503000 0.223111 0.010500 0.045333
0 0.551625 0.168000 0.013250 0.055111
0 0.508125 0.341111 0.010250 0.014667
0 0.511375 0.405111 0.013750 0.034222
0 0.504750 0.453556 0.017000 0.062667
0 0.446125 0.488667 0.018250 0.049333
0 0.471875 0.634000 0.018750 0.031556
0 0.449750 0.732222 0.029000 0.048444
0 0.543750 0.670222 0.028500 0.049778
0 0.523750 0.560444 0.027000 0.057778
0 0.563625 0.556000 0.032750 0.089778
0 0.576500 0.472222 0.017000 0.016444
0 0.551375 0.388000 0.014250 0.078222
0 0.567875 0.296667 0.023250 0.051111
0 0.579000 0.227556 0.032000 0.086222
0 0.623875 0.168000 0.018750 0.071111
0 0.622625 0.212889 0.039250 0.097778
0 0.626750 0.372667 0.033500 0.052889
0 0.612375 0.416667 0.016250 0.036000
0 0.626375 0.647778 0.044250 0.056444
0 0.584250 0.765778 0.050500 0.062222
0 0.624000 0.755111 0.031500 0.044444
0 0.666250 0.732444 0.027000 0.020444
0 0.681250 0.661111 0.037500 0.062667
0 0.702250 0.574222 0.020000 0.024889
0 0.679250 0.485111 0.051000 0.049333
0 0.696750 0.396444 0.072500 0.080889
0 0.709250 0.300222 0.048000 0.088444
0 0.704500 0.185111 0.036500 0.061778
0 0.724625 0.246222 0.036250 0.056889
0 0.743250 0.274222 0.016500 0.030222
0 0.732125 0.404444 0.038250 0.042667
0 0.733375 0.498667 0.046250 0.034667
0 0.767000 0.497333 0.036000 0.061333
0 0.766500 0.573778 0.041500 0.048000
0 0.780125 0.694000 0.027250 0.019111
0 0.789500 0.720000 0.041500 0.036444
0 0.727875 0.813778 0.026750 0.027556
0 0.801500 0.650889 0.012500 0.029778
0 0.870125 0.776000 0.050250 0.045333
0 0.918625 0.655556 0.027250 0.017778
0 0.879750 0.659333 0.052000 0.048444
0 0.864000 0.600000 0.059500 0.077333
0 0.915500 0.580000 0.031500 0.017778
0 0.887625 0.528444 0.017250 0.012444
0 0.864250 0.517333 0.048500 0.048000
0 0.813875 0.503333 0.040750 0.057333
0 0.891625 0.445333 0.011750 0.013333
0 0.890750 0.374000 0.014500 0.011111
0 0.832750 0.400667 0.056000 0.045778
0 0.840375 0.322667 0.042250 0.045333
0 0.813000 0.322222 0.033000 0.059556
0 0.857500 0.256889 0.028500 0.040000
0 0.891375 0.260222 0.009750 0.026222
0 0.827625 0.214889 0.072750 0.092000
0 0.797250 0.190000 0.033000 0.045778