0 0.120500 0.229333 0.056500 0.074667
0 0.208125 0.179556 0.032250 0.045333
0 0.243125 0.228000 0.022750 0.044444
0 0.294750 0.174889 0.003000 0.011111
0 0.316625 0.244444 0.025750 0.048889
0 0.285875 0.286889 0.023250 0.035111
0 0.233375 0.304222 0.025750 0.065333
0 0.211250 0.281111 0.017000 0.015556
0 0.182500 0.327556 0.020500 0.037333
0 0.134250 0.325111 0.030500 0.033333
0 0.120500 0.418222 0.073500 0.056889
0 0.281625 0.368444 0.031750 0.077333
0 0.311000 0.332222 0.014500 0.039556
0 0.328875 0.335778 0.022250 0.058222
0 0.378250 0.234000 0.026500 0.086667
0 0.401875 0.148444 0.022250 0.093333
0 0.423000 0.187111 0.009500 0.016000
0 0.412500 0.294667 0.026000 0.047111
0 0.366000 0.355556 0.015000 0.040000
0 0.421375 0.398667 0.022750 0.077333
0 0.328375 0.431556 0.011750 0.021333
0 0.243000 0.439111 0.020500 0.026667
0 0.346000 0.473556 0.013000 0.046667
0 0.355125 0.517556 0.023750 0.036000
0 0.321375 0.549111 0.033250 0.067111
0 0.181875 0.470667 0.038750 0.080889
0 0.213500 0.498000 0.032500 0.042222
0 0.161250 0.552667 0.033000 0.038667
0 0.112500 0.535778 0.038000 0.053778
0 0.128875 0.670667 0.031750 0.043556
0 0.075500 0.688222 0.073000 0.074222
0 0.155500 0.758000 0.025500 0.042222
0 0.216500 0.713556 0.033000 0.039556
0 0.226250 0.652000 0.034000 0.050667
0 0.318750 0.710444 0.035000 0.054667
0 0.382250 0.653111 0.018500 0.031556
0 0.387125 0.764889 0.025750 0.044444
0 0.431250 0.783333 0.028000 0.050222
0 0.437875 0.727556 0.040250 0.053333
0 0.434250 0.596889 0.029000 0.045333
0 0.421250 0.487778 0.029500 0.084000
0 0.465750 0.432889 0.025000 0.060444
0 0.484000 0.539556 0.027000 0.052444
0 0.475375 0.619111 0.022750 0.043556
0 0.506375 0.775778 0.024250 0.024444
0 0.546750 0.680000 0.031500 0.052444
0 0.515000 0.584222 0.043500 0.047556
0 0.553625 0.603556 0.012250 0.027556
0 0.589875 0.517556 0.030750 0.103556
0 0.530875 0.390444 0.019750 0.049333
0 0.533625 0.332667 0.038250 0.060000
0 0.518250 0.287333 0.023000 0.036000
0 0.566875 0.292667 0.009750 0.031556
0 0.563875 0.340889 0.015750 0.024000
0 0.561750 0.382444 0.021000 0.070667
0 0.587875 0.202444 0.019250 0.046667
0 0.659000 0.220444 0.004500 0.031111
0 0.653250 0.311556 0.020000 0.026667
0 0.649875 0.337111 0.009250 0.038667
0 0.624250 0.329556 0.052500 0.091111
0 0.612750 0.472222 0.031000 0.050222
0 0.632125 0.555333 0.019750 0.023556
0 0.649375 0.570000 0.018250 0.034222
0 0.714500 0.604000 0.035500 0.026667
0 0.701125 0.642444 0.017750 0.035111
0 0.684250 0.704222 0.047500 0.065333
0 0.706625 0.716222 0.014750 0.027111
0 0.754000 0.530889 0.033000 0.023556
0 0.708625 0.346000 0.042250 0.084000
0 0.717500 0.268222 0.040000 0.045778
0 0.708125 0.201778 0.011250 0.033778
0 0.800375 0.238667 0.032250 0.030222
0 0.824625 0.257333 0.017750 0.005333
0 0.841375 0.269556 0.027750 0.074222
0 0.836625 0.337556 0.038750 0.066222
0 0.836500 0.366889 0.031000 0.043111
0 0.790875 0.408000 0.030250 0.051556
0 0.750250 0.380222 0.025500 0.032444
0 0.853625 0.431556 0.035250 0.039111
0 0.816875 0.686222 0.034750 0.022222
0 0.788875 0.766444 0.057750 0.050222
0 0.856875 0.782444 0.054750 0.030667
0 0.874000 0.667778 0.057500 0.081333
0 0.870500 0.500889 0.062000 0.048000