0 0.282667 0.046000 0.060444 0.091500
0 0.356222 0.059000 0.090222 0.084000
0 0.175778 0.111500 0.065333 0.089000
0 0.239556 0.136875 0.073778 0.073250
0 0.444444 0.127250 0.048000 0.049000
0 0.482667 0.090375 0.053333 0.060750
0 0.539556 0.050250 0.054222 0.100000
0 0.660222 0.100750 0.050222 0.050000
0 0.670889 0.122125 0.075111 0.068750
0 0.754889 0.080125 0.116000 0.066250
0 0.914222 0.124500 0.171556 0.081500
0 0.555556 0.144000 0.050667 0.044000
0 0.860444 0.181375 0.130667 0.053750
0 0.776222 0.145500 0.107111 0.080000
0 0.786444 0.184750 0.115111 0.057500
0 0.768889 0.209375 0.049778 0.038750
0 0.568889 0.189875 0.104000 0.066750
0 0.273111 0.222000 0.140000 0.067000
0 0.358000 0.191000 0.045778 0.076500
0 0.413556 0.196875 0.092889 0.055750
0 0.756889 0.249000 0.040889 0.033500
0 0.687111 0.226500 0.111111 0.065000
0 0.590000 0.261125 0.068000 0.029250
0 0.474222 0.252125 0.076444 0.035250
0 0.408000 0.239875 0.064000 0.054250
0 0.253111 0.287250 0.054667 0.068000
0 0.457556 0.292375 0.076000 0.072750
0 0.531333 0.329750 0.063556 0.019000
0 0.366444 0.323000 0.132889 0.035500
0 0.370222 0.356375 0.064889 0.069750
0 0.819111 0.328625 0.069333 0.027250
0 0.495333 0.368750 0.025333 0.022000
0 0.684889 0.366750 0.126222 0.053500
0 0.759111 0.377000 0.030222 0.011500
0 0.852889 0.369125 0.103111 0.027750
0 0.153778 0.428125 0.037333 0.019250
0 0.302222 0.439625 0.014222 0.009750
0 0.201778 0.381250 0.013333 0.008500
0 0.451333 0.409875 0.081333 0.039750
0 0.579111 0.406375 0.082667 0.030250
0 0.629111 0.412625 0.008444 0.012250
0 0.667556 0.441875 0.090667 0.062250
0 0.723556 0.441250 0.012444 0.009000
0 0.746889 0.459000 0.074222 0.023000
0 0.842444 0.486250 0.106222 0.038000
0 0.862000 0.512000 0.079556 0.020500
0 0.858000 0.538375 0.097333 0.047750
0 0.696222 0.550875 0.102667 0.048250
0 0.600000 0.502125 0.063111 0.061750
0 0.509333 0.501500 0.108444 0.042000
0 0.428667 0.441500 0.056444 0.034500
0 0.341556 0.491625 0.051111 0.024250
0 0.129556 0.500375 0.202222 0.049250
0 0.346889 0.536250 0.052889 0.040500
0 0.259556 0.546375 0.121778 0.073250
0 0.521111 0.548125 0.068000 0.027250
0 0.762000 0.612625 0.088444 0.066250
0 0.321778 0.598375 0.052444 0.051750
0 0.494889 0.606250 0.053778 0.073500
0 0.483778 0.643250 0.126667 0.040000
0 0.428000 0.644875 0.032889 0.033250
0 0.612222 0.633375 0.068000 0.029250
0 0.680667 0.621625 0.063556 0.038250
0 0.896667 0.673375 0.094667 0.026750
0 0.747556 0.673250 0.051556 0.021000
0 0.261333 0.677500 0.056000 0.060500
0 0.358444 0.694250 0.063556 0.054000
0 0.470000 0.675000 0.019111 0.011000
0 0.496000 0.721000 0.125333 0.074000
0 0.608222 0.708625 0.077778 0.035750
0 0.563556 0.738000 0.073778 0.046000
0 0.668222 0.749875 0.040444 0.021250
0 0.702667 0.735125 0.147556 0.038750
0 0.750667 0.703500 0.136000 0.053500
0 0.825333 0.759875 0.127111 0.098250
0 0.700889 0.792125 0.105778 0.060750
0 0.600000 0.797750 0.097778 0.054000
0 0.166444 0.759750 0.054667 0.050000
0 0.278889 0.747875 0.065333 0.054250
0 0.881778 0.726625 0.058667 0.030250
0 0.865556 0.786125 0.109778 0.047750
0 0.543333 0.804625 0.081333 0.053750
0 0.210000 0.823375 0.102667 0.089250
0 0.452444 0.835250 0.022222 0.010000
0 0.888889 0.914625 0.107556 0.079250
0 0.796667 0.896000 0.089333 0.058000
0 0.717556 0.918500 0.115111 0.090000
0 0.650444 0.828500 0.039556 0.014500
0 0.799556 0.840250 0.066667 0.039500
0 0.748444 0.828625 0.128889 0.069250
0 0.463333 0.868000 0.070667 0.070500
0 0.504222 0.909625 0.069778 0.040250
0 0.383556 0.883000 0.078222 0.074500
0 0.283333 0.859000 0.090222 0.064000
0 0.138000 0.880375 0.062667 0.041250
0 0.205556 0.896500 0.043111 0.080000
0 0.210889 0.946500 0.063556 0.098500
0 0.314222 0.948250 0.057778 0.103500
0 0.820444 0.751875 0.108444 0.087750