0 0.118625 0.177333 0.033750 0.095111
0 0.172125 0.166667 0.038750 0.136000
0 0.210625 0.155556 0.044750 0.151111
0 0.131875 0.265556 0.039750 0.058222
0 0.217875 0.246444 0.015750 0.028889
0 0.182875 0.267111 0.017250 0.050667
0 0.188375 0.299556 0.080250 0.123556
0 0.154875 0.383111 0.048250 0.040000
0 0.154250 0.403333 0.053000 0.062667
0 0.098375 0.541111 0.069250 0.114222
0 0.142000 0.543778 0.064000 0.084000
0 0.161375 0.598222 0.039750 0.061333
0 0.094000 0.710000 0.055000 0.086667
0 0.073000 0.788222 0.070500 0.065333
0 0.174000 0.791333 0.059500 0.065333
0 0.230875 0.773111 0.076750 0.061778
0 0.256500 0.658889 0.054000 0.060000
0 0.213000 0.566222 0.035500 0.073778
0 0.231750 0.542667 0.045500 0.065778
0 0.281250 0.593333 0.056500 0.092444
0 0.317750 0.626444 0.035000 0.079556
0 0.221500 0.396222 0.025000 0.058222
0 0.268750 0.378667 0.045500 0.131556
0 0.261625 0.306889 0.026750 0.034222
0 0.275000 0.272000 0.035000 0.040000
0 0.286125 0.207111 0.021750 0.046222
0 0.304000 0.240889 0.039500 0.104000
0 0.316625 0.346667 0.029750 0.062222
0 0.318500 0.418889 0.027500 0.084000
0 0.323125 0.499556 0.041250 0.048000
0 0.297375 0.716222 0.036750 0.060889
0 0.307125 0.788444 0.023250 0.067556
0 0.366875 0.812667 0.036250 0.040444
0 0.360500 0.652889 0.034000 0.088889
0 0.385625 0.570889 0.057750 0.101778
0 0.359750 0.499111 0.049500 0.100444
0 0.372250 0.395111 0.029500 0.084444
0 0.346000 0.153333 0.019500 0.045333
0 0.383000 0.223111 0.067500 0.118222
0 0.426500 0.178667 0.038000 0.105778
0 0.509625 0.328667 0.062750 0.084889
0 0.535000 0.324889 0.025500 0.065778
0 0.482625 0.407111 0.038750 0.075556
0 0.464750 0.478000 0.025000 0.079556
0 0.415250 0.538889 0.041000 0.095556
0 0.453750 0.786222 0.023500 0.058667
0 0.481375 0.696444 0.025750 0.026667
0 0.491125 0.472889 0.028250 0.128000
0 0.514375 0.490000 0.025750 0.053778
0 0.492875 0.176889 0.019750 0.054222
0 0.554625 0.165556 0.019750 0.055556
0 0.575375 0.163111 0.012250 0.050667
0 0.584250 0.224222 0.027000 0.075111
0 0.579250 0.294667 0.042500 0.092444
0 0.559875 0.422667 0.038750 0.054222
0 0.544125 0.618000 0.025750 0.047556
0 0.571500 0.653111 0.034500 0.068000
0 0.589625 0.610889 0.024750 0.044889
0 0.630250 0.684444 0.024500 0.029333
0 0.572375 0.768889 0.009750 0.010667
0 0.597375 0.790000 0.014750 0.004000
0 0.690625 0.800000 0.036750 0.042667
0 0.750625 0.786000 0.079750 0.112444
0 0.797625 0.825111 0.020750 0.020889
0 0.855125 0.782000 0.087750 0.057333
0 0.947000 0.774889 0.050500 0.062667
0 0.946250 0.692222 0.085000 0.085778
0 0.839750 0.730667 0.042000 0.043556
0 0.837250 0.690444 0.042500 0.040444
0 0.864375 0.673333 0.031750 0.031111
0 0.781875 0.696444 0.027750 0.050667
0 0.744875 0.696889 0.045250 0.064889
0 0.679000 0.630444 0.045000 0.081333
0 0.705500 0.566889 0.034500 0.069778
0 0.656375 0.564000 0.029750 0.122667
0 0.676000 0.518889 0.017000 0.037778
0 0.759750 0.481778 0.057000 0.068444
0 0.836250 0.554222 0.082000 0.076444
0 0.896500 0.583778 0.082500 0.079556
0 0.882250 0.464889 0.073000 0.122667
0 0.906375 0.465778 0.103250 0.060444
0 0.824875 0.456444 0.071250 0.104000
0 0.787750 0.419333 0.084000 0.121333
0 0.829500 0.377778 0.069500 0.090667
0 0.909625 0.306889 0.037250 0.047556
0 0.860000 0.289333 0.067000 0.118222
0 0.804000 0.338000 0.018500 0.037778
0 0.785375 0.319778 0.074750 0.080444
0 0.800000 0.230889 0.037500 0.080444
0 0.832750 0.164444 0.043000 0.059556
0 0.905375 0.096889 0.068250 0.157333
0 0.779625 0.170667 0.019750 0.047111
0 0.753000 0.140444 0.032500 0.117333
0 0.742500 0.258000 0.039500 0.050222
0 0.696750 0.189111 0.043500 0.067111
0 0.704250 0.272000 0.008500 0.013333
0 0.700000 0.357111 0.017000 0.022667
0 0.710625 0.424444 0.041250 0.116444
0 0.685750 0.386889 0.024500 0.070667
0 0.647125 0.415333 0.034750 0.080444
0 0.629500 0.365111 0.052500 0.144444
0 0.670000 0.287111 0.060000 0.085333
0 0.663375 0.276444 0.029750 0.016889
0 0.634625 0.191333 0.023250 0.081333