0 0.200625 0.147333 0.017250 0.036000
0 0.220625 0.216000 0.038250 0.120000
0 0.192625 0.234889 0.025750 0.036000
0 0.167250 0.235778 0.022000 0.046667
0 0.171500 0.190667 0.013500 0.026667
0 0.274250 0.239111 0.024500 0.044444
0 0.333750 0.293778 0.036500 0.093333
0 0.306875 0.228889 0.028250 0.084444
0 0.337875 0.244222 0.036750 0.083111
0 0.360375 0.191778 0.016750 0.041333
0 0.414500 0.166889 0.035500 0.087556
0 0.406750 0.237333 0.030000 0.115556
0 0.459250 0.166667 0.030500 0.072000
0 0.470000 0.228889 0.025000 0.076444
0 0.457875 0.302444 0.031750 0.110667
0 0.484375 0.333778 0.033750 0.081778
0 0.395000 0.334889 0.025000 0.045778
0 0.414625 0.392667 0.030250 0.084000
0 0.460250 0.386000 0.023000 0.066222
0 0.472500 0.454222 0.053500 0.118222
0 0.500000 0.455556 0.025500 0.061333
0 0.521750 0.323111 0.035000 0.051556
0 0.513750 0.241111 0.030500 0.079556
0 0.498250 0.188444 0.009000 0.044444
0 0.559750 0.226667 0.037000 0.083556
0 0.607750 0.172444 0.028000 0.081778
0 0.631875 0.249333 0.032250 0.066667
0 0.611500 0.342667 0.029500 0.082667
0 0.545250 0.312222 0.024000 0.076889
0 0.570000 0.432000 0.027500 0.115556
0 0.617750 0.411556 0.023000 0.052444
0 0.608250 0.504667 0.028500 0.027111
0 0.529000 0.488222 0.042000 0.076889
0 0.405625 0.521556 0.026250 0.051111
0 0.414500 0.599556 0.018500 0.039111
0 0.464500 0.592222 0.022000 0.035111
0 0.465000 0.672667 0.015000 0.020000
0 0.346250 0.389778 0.041500 0.064889
0 0.314750 0.384222 0.025500 0.086667
0 0.334250 0.468222 0.065500 0.093778
0 0.300750 0.527778 0.005500 0.022667
0 0.260750 0.401778 0.032500 0.057778
0 0.247625 0.460889 0.031750 0.076444
0 0.277750 0.565778 0.065000 0.054222
0 0.332000 0.596000 0.061500 0.070222
0 0.344250 0.670222 0.029000 0.065778
0 0.298000 0.684667 0.077000 0.049333
0 0.318875 0.772000 0.023250 0.024000
0 0.343875 0.842000 0.019250 0.076000
0 0.319500 0.835111 0.034000 0.080889
0 0.226375 0.781556 0.070250 0.067111
0 0.540250 0.747778 0.030500 0.048444
0 0.590500 0.832667 0.028500 0.063556
0 0.555625 0.668000 0.019750 0.058667
0 0.541125 0.598889 0.035250 0.093778
0 0.502750 0.610222 0.038000 0.056889
0 0.625375 0.770889 0.042750 0.043111
0 0.647250 0.854667 0.029500 0.100444
0 0.665875 0.672889 0.017250 0.039111
0 0.616250 0.585778 0.033500 0.053333
0 0.679000 0.597778 0.042000 0.059556
0 0.671125 0.446667 0.027750 0.085333
0 0.671875 0.379111 0.015750 0.052444
0 0.643750 0.376667 0.006000 0.021778
0 0.674000 0.190000 0.027500 0.044889
0 0.714125 0.224667 0.029750 0.073333
0 0.699000 0.285556 0.019500 0.033333
0 0.725125 0.320444 0.047250 0.069333
0 0.713875 0.397556 0.031750 0.053778
0 0.719500 0.483111 0.044500 0.065778
0 0.762500 0.575778 0.085500 0.100889
0 0.711500 0.675333 0.028000 0.044889
0 0.714125 0.722889 0.021750 0.033333
0 0.803000 0.684000 0.059000 0.055111
0 0.847625 0.781778 0.060250 0.048000
0 0.845625 0.665556 0.057750 0.049333
0 0.895750 0.724444 0.077000 0.096889
0 0.891000 0.726889 0.050500 0.042222
0 0.954375 0.746000 0.068250 0.049333
0 0.927625 0.576667 0.062250 0.066222
0 0.835250 0.564889 0.044500 0.064000
0 0.861750 0.548667 0.038500 0.064444
0 0.882125 0.539556 0.045250 0.073778
0 0.852000 0.511556 0.005500 0.013333
0 0.926375 0.454222 0.063250 0.094222
0 0.923750 0.431333 0.047500 0.051111
0 0.875125 0.457111 0.051250 0.071556
0 0.847125 0.379778 0.062750 0.090222
0 0.844000 0.456667 0.081000 0.111556
0 0.765250 0.474444 0.052000 0.063556
0 0.776875 0.395556 0.056750 0.068444
0 0.852625 0.224667 0.054250 0.111556
0 0.867875 0.198444 0.057250 0.060889
0 0.789750 0.187333 0.032500 0.046667
0 0.808125 0.247556 0.039250 0.054222
0 0.745875 0.177333 0.032250 0.072000
0 0.149000 0.333333 0.066000 0.079111
0 0.203875 0.425556 0.054750 0.059111
0 0.202375 0.446444 0.044250 0.050222
0 0.131000 0.475333 0.059000 0.054667
0 0.229500 0.609111 0.027000 0.025333
0 0.208000 0.690444 0.063000 0.093778
0 0.176875 0.866222 0.044250 0.175111
0 0.140750 0.828222 0.040000 0.108889
0 0.105625 0.748000 0.070750 0.046222
0 0.117750 0.667333 0.057000 0.098222
0 0.102375 0.568222 0.055750 0.052000
0 0.133000 0.617556 0.041500 0.036889
0 0.163250 0.577333 0.077500 0.070222