0 0.155250 0.199111 0.029000 0.052444
0 0.195125 0.184667 0.018250 0.019111
0 0.266250 0.177556 0.016000 0.038667
0 0.304375 0.186000 0.014250 0.056444
0 0.338625 0.185111 0.016250 0.046667
0 0.330000 0.249333 0.022500 0.024000
0 0.252375 0.257778 0.016750 0.031111
0 0.284250 0.297333 0.021000 0.028444
0 0.183125 0.324667 0.058250 0.076000
0 0.135875 0.323111 0.040750 0.080889
0 0.187750 0.406889 0.029500 0.062667
0 0.167750 0.462444 0.056000 0.097333
0 0.131000 0.453111 0.040500 0.035111
0 0.121000 0.487333 0.074500 0.103556
0 0.160250 0.713556 0.055500 0.084889
0 0.141625 0.653333 0.079250 0.112889
0 0.134875 0.613556 0.015750 0.012000
0 0.239250 0.669111 0.033500 0.090222
0 0.234500 0.548444 0.040500 0.094222
0 0.259375 0.485778 0.040750 0.064889
0 0.276000 0.386889 0.045000 0.063556
0 0.307375 0.341778 0.013750 0.052444
0 0.333750 0.379111 0.025500 0.055111
0 0.325625 0.506667 0.020250 0.055111
0 0.285500 0.576000 0.037500 0.081778
0 0.280125 0.748000 0.015750 0.040889
0 0.315250 0.716889 0.055000 0.103111
0 0.404250 0.697778 0.050000 0.064889
0 0.407500 0.756000 0.044500 0.044444
0 0.405750 0.602222 0.041500 0.078222
0 0.425375 0.637333 0.023750 0.050667
0 0.377000 0.555778 0.035500 0.050222
0 0.396000 0.544000 0.025500 0.057778
0 0.388000 0.431111 0.017500 0.037333
0 0.394250 0.303333 0.025000 0.067111
0 0.413000 0.143556 0.013500 0.076444
0 0.434750 0.302889 0.029000 0.063556
0 0.474125 0.349778 0.018250 0.030222
0 0.456250 0.405333 0.004000 0.014222
0 0.445625 0.536667 0.023750 0.093778
0 0.448625 0.492667 0.014750 0.028000
0 0.492000 0.566444 0.051500 0.071556
0 0.507500 0.628889 0.043500 0.069333
0 0.477375 0.690222 0.029250 0.107556
0 0.484375 0.776000 0.045750 0.051556
0 0.462750 0.143778 0.017500 0.071556
0 0.494125 0.179778 0.027750 0.058222
0 0.566625 0.143111 0.052250 0.099556
0 0.591250 0.215778 0.025500 0.086667
0 0.566125 0.268444 0.027250 0.033778
0 0.499625 0.291111 0.018250 0.024000
0 0.544875 0.337556 0.023750 0.044000
0 0.549375 0.424000 0.017750 0.040000
0 0.511750 0.426000 0.004500 0.017333
0 0.498125 0.512444 0.006750 0.015111
0 0.554250 0.471333 0.017000 0.032444
0 0.566375 0.540222 0.022250 0.079556
0 0.589875 0.687333 0.026750 0.073333
0 0.567875 0.757333 0.041250 0.064889
0 0.612875 0.692667 0.022750 0.037778
0 0.617125 0.632889 0.030250 0.057778
0 0.599500 0.542667 0.025000 0.091556
0 0.583375 0.481111 0.011750 0.043111
0 0.639625 0.505556 0.020750 0.039556
0 0.596250 0.400000 0.022000 0.037333
0 0.595375 0.293333 0.021750 0.072889
0 0.630875 0.268000 0.026250 0.039111
0 0.691875 0.145556 0.066250 0.114222
0 0.661125 0.311111 0.050750 0.075556
0 0.699125 0.227778 0.046750 0.088444
0 0.722625 0.227333 0.020750 0.063556
0 0.693250 0.383333 0.047500 0.077778
0 0.667250 0.424667 0.038500 0.086667
0 0.654625 0.693333 0.040750 0.056000
0 0.661750 0.778222 0.045000 0.105778
0 0.677625 0.690222 0.044750 0.083556
0 0.705375 0.631333 0.044250 0.093778
0 0.708375 0.769778 0.042750 0.055111
0 0.742750 0.747556 0.038500 0.061333
0 0.736000 0.602667 0.021000 0.040889
0 0.714250 0.562444 0.043500 0.068889
0 0.710000 0.525333 0.048500 0.075556
0 0.722125 0.500000 0.075750 0.056000
0 0.819375 0.178667 0.045250 0.074667
0 0.787750 0.209111 0.029500 0.044000
0 0.828375 0.253778 0.030750 0.044444
0 0.885500 0.288000 0.046500 0.101333
0 0.848125 0.312667 0.064750 0.114222
0 0.791875 0.371333 0.025750 0.017333
0 0.759500 0.368667 0.047000 0.100889
0 0.754375 0.337111 0.054750 0.062667
0 0.799750 0.418222 0.032000 0.054222
0 0.848875 0.397778 0.033250 0.061333
0 0.869625 0.448667 0.079750 0.163111
0 0.812000 0.458222 0.069000 0.084444
0 0.888875 0.521111 0.041250 0.043111
0 0.908500 0.531333 0.036000 0.049333
0 0.867000 0.555778 0.058000 0.050222
0 0.901500 0.586889 0.034500 0.043111
0 0.926750 0.644000 0.057500 0.092444
0 0.877375 0.660667 0.067250 0.052000
0 0.858125 0.721111 0.032750 0.032444
0 0.830750 0.790667 0.049000 0.065778
0 0.791375 0.721778 0.048750 0.116444
0 0.782000 0.672667 0.061500 0.059111
0 0.827750 0.610222 0.039500 0.078222
0 0.807125 0.557556 0.042250 0.053778
0 0.773750 0.554444 0.044500 0.078667