0 0.165625 0.245111 0.053750 0.080444
0 0.235375 0.171778 0.033250 0.026222
0 0.245250 0.238222 0.017000 0.046222
0 0.215125 0.260000 0.032250 0.056000
0 0.248875 0.303556 0.037250 0.064889
0 0.275500 0.336222 0.048000 0.047556
0 0.234000 0.380444 0.026500 0.073778
0 0.201125 0.386000 0.013750 0.038667
0 0.188750 0.409111 0.035000 0.049333
0 0.166250 0.435333 0.036500 0.083111
0 0.172625 0.558889 0.038750 0.063556
0 0.179875 0.652444 0.020250 0.061333
0 0.171750 0.727111 0.024500 0.078222
0 0.218625 0.743778 0.025750 0.056444
0 0.275250 0.716889 0.025000 0.054222
0 0.295750 0.637333 0.044500 0.095111
0 0.273750 0.474222 0.018500 0.040000
0 0.280625 0.442667 0.020750 0.025778
0 0.315000 0.427111 0.075500 0.115556
0 0.312750 0.549111 0.022500 0.052889
0 0.356875 0.557778 0.045750 0.088000
0 0.391000 0.640667 0.015000 0.034222
0 0.365125 0.745778 0.011250 0.028444
0 0.397875 0.439333 0.018250 0.032444
0 0.329750 0.249333 0.027500 0.058667
0 0.293000 0.206000 0.018000 0.021778
0 0.338250 0.206222 0.017000 0.039111
0 0.372250 0.197556 0.009500 0.033333
0 0.384000 0.259778 0.010000 0.025333
0 0.392000 0.311333 0.025500 0.080444
0 0.439125 0.305556 0.027250 0.084000
0 0.452375 0.257556 0.046250 0.045778
0 0.461750 0.317778 0.044000 0.045333
0 0.471375 0.246222 0.054750 0.068444
0 0.496250 0.304667 0.037000 0.082222
0 0.441250 0.489333 0.016500 0.054222
0 0.474375 0.641333 0.012250 0.016889
0 0.475125 0.713333 0.012250 0.033778
0 0.464250 0.523333 0.039000 0.130222
0 0.476375 0.465111 0.036250 0.076000
0 0.519625 0.192444 0.008250 0.030222
0 0.561375 0.274000 0.016250 0.036889
0 0.553875 0.349111 0.043250 0.076889
0 0.515500 0.405333 0.028500 0.079111
0 0.532375 0.477333 0.033750 0.064889
0 0.497250 0.544000 0.020500 0.044444
0 0.515500 0.565333 0.013500 0.031111
0 0.510750 0.617556 0.033500 0.068889
0 0.520750 0.747556 0.021000 0.027556
0 0.571125 0.710000 0.031750 0.116889
0 0.566000 0.674444 0.056000 0.060000
0 0.565125 0.638444 0.029250 0.060000
0 0.634000 0.722000 0.021000 0.056444
0 0.628125 0.689111 0.022250 0.062667
0 0.613250 0.673333 0.029000 0.057778
0 0.632500 0.595556 0.043000 0.074667
0 0.647250 0.548000 0.012000 0.020444
0 0.570875 0.498222 0.009250 0.021333
0 0.609500 0.402000 0.008000 0.023556
0 0.613125 0.180889 0.016750 0.062222
0 0.586875 0.242000 0.023750 0.069778
0 0.601750 0.254222 0.010000 0.040889
0 0.629250 0.336444 0.030500 0.048889
0 0.722125 0.194000 0.047250 0.052889
0 0.711375 0.282000 0.021750 0.040444
0 0.688375 0.271556 0.010750 0.027556
0 0.671000 0.340667 0.023000 0.026222
0 0.694375 0.406000 0.026250 0.068889
0 0.708875 0.492222 0.041750 0.043111
0 0.717625 0.571111 0.023250 0.050667
0 0.718125 0.666000 0.005250 0.009333
0 0.753625 0.716667 0.016750 0.036000
0 0.758500 0.644667 0.027500 0.026222
0 0.723875 0.402444 0.037250 0.046667
0 0.715750 0.319778 0.029000 0.046667
0 0.789375 0.264889 0.022250 0.019556
0 0.832500 0.258222 0.024500 0.051556
0 0.760500 0.327333 0.045000 0.040444
0 0.759250 0.388667 0.040000 0.096444
0 0.783750 0.405556 0.023000 0.031556
0 0.762750 0.468667 0.040500 0.092889
0 0.742375 0.578444 0.016250 0.024444
0 0.773375 0.575333 0.050750 0.046667
0 0.862250 0.700222 0.029500 0.018222
0 0.862250 0.722444 0.032500 0.021778
0 0.914875 0.631778 0.071250 0.090222
0 0.902250 0.548889 0.065500 0.099556
0 0.872000 0.529778 0.055000 0.096889
0 0.816250 0.557556 0.046000 0.044000
0 0.813500 0.490222 0.044500 0.068444
0 0.885125 0.418889 0.048250 0.045778
0 0.849625 0.444000 0.028750 0.062222
0 0.816000 0.424000 0.050500 0.041778