0 0.192750 0.131778 0.034500 0.106222
0 0.236250 0.192889 0.037000 0.096000
0 0.233375 0.311333 0.056250 0.061778
0 0.184375 0.276222 0.045750 0.042222
0 0.181750 0.282667 0.039500 0.112000
0 0.184750 0.398444 0.037000 0.040444
0 0.175000 0.442889 0.031000 0.052889
0 0.156500 0.492444 0.061500 0.109333
0 0.166625 0.575778 0.026250 0.049333
0 0.193625 0.643333 0.021250 0.038667
0 0.118250 0.694444 0.117500 0.076000
0 0.204500 0.694000 0.053500 0.057333
0 0.228375 0.621333 0.018750 0.020444
0 0.222000 0.493111 0.040000 0.148889
0 0.250875 0.448222 0.004750 0.008444
0 0.245125 0.478444 0.006750 0.015556
0 0.271875 0.468444 0.018250 0.034667
0 0.283625 0.336667 0.012250 0.042222
0 0.290125 0.176667 0.030250 0.052000
0 0.301625 0.400667 0.051750 0.084000
0 0.309750 0.671111 0.064500 0.151111
0 0.363875 0.731556 0.017250 0.027556
0 0.340750 0.310000 0.030500 0.070667
0 0.330375 0.171778 0.019250 0.039556
0 0.342750 0.258444 0.006000 0.020889
0 0.380875 0.364444 0.012750 0.027556
0 0.373250 0.189333 0.028000 0.059556
0 0.414625 0.462667 0.033250 0.073778
0 0.374000 0.569778 0.010000 0.027556
0 0.439500 0.559333 0.022500 0.050222
0 0.380125 0.616444 0.035750 0.106667
0 0.408375 0.703556 0.029250 0.084444
0 0.453375 0.708889 0.024250 0.072889
0 0.467000 0.638667 0.025500 0.064889
0 0.487000 0.524667 0.017500 0.019111
0 0.452375 0.312444 0.011250 0.046222
0 0.404250 0.253111 0.021000 0.033333
0 0.422000 0.229778 0.027500 0.064000
0 0.444000 0.220444 0.025500 0.103111
0 0.501125 0.168000 0.026250 0.074667
0 0.480625 0.271778 0.049250 0.114222
0 0.458875 0.288444 0.013750 0.032000
0 0.509000 0.548889 0.025000 0.071111
0 0.532625 0.635556 0.031750 0.109333
0 0.510000 0.670444 0.023000 0.092889
0 0.575875 0.714889 0.027750 0.039556
0 0.585250 0.505333 0.050000 0.151111
0 0.516625 0.324889 0.011750 0.021333
0 0.519625 0.437556 0.003750 0.029778
0 0.521125 0.219333 0.004750 0.021778
0 0.556000 0.322000 0.020500 0.051111
0 0.561750 0.218667 0.018500 0.058667
0 0.565250 0.174222 0.033000 0.044444
0 0.583375 0.298667 0.026250 0.086222
0 0.574250 0.431556 0.020500 0.048889
0 0.622250 0.697333 0.033500 0.072000
0 0.619250 0.606667 0.022000 0.056889
0 0.630750 0.509111 0.036000 0.093778
0 0.634750 0.453556 0.026500 0.021778
0 0.622875 0.328889 0.012250 0.038222
0 0.644125 0.345333 0.018250 0.048000
0 0.654375 0.315778 0.008750 0.022667
0 0.652875 0.418889 0.020250 0.036000
0 0.679625 0.468222 0.020250 0.019111
0 0.678875 0.522000 0.029750 0.084000
0 0.691125 0.637111 0.028250 0.028889
0 0.675000 0.700222 0.026000 0.042222
0 0.725375 0.652444 0.026250 0.112000
0 0.711875 0.482444 0.016750 0.020889
0 0.696000 0.338444 0.039000 0.141778
0 0.723000 0.367111 0.040500 0.062222
0 0.705750 0.248667 0.011500 0.020000
0 0.729500 0.128667 0.063000 0.157778
0 0.752875 0.164000 0.029750 0.050667
0 0.799125 0.155778 0.039750 0.076889
0 0.739125 0.255333 0.024250 0.045778
0 0.747625 0.302667 0.025250 0.054222
0 0.745625 0.512000 0.050750 0.116444
0 0.805750 0.613333 0.110000 0.064889
0 0.768625 0.692222 0.043750 0.066222
0 0.811750 0.692667 0.030500 0.057333
0 0.828375 0.655333 0.036750 0.026222
0 0.861875 0.660667 0.015250 0.020000
0 0.929625 0.670444 0.067750 0.073333
0 0.856250 0.514889 0.046000 0.045778
0 0.819125 0.530444 0.031750 0.072444
0 0.808875 0.448222 0.048750 0.077778
0 0.922000 0.492000 0.064000 0.111111
0 0.913875 0.456222 0.065250 0.084000
0 0.884125 0.378444 0.030250 0.037778
0 0.861750 0.411778 0.038500 0.026222
0 0.830375 0.420222 0.024250 0.052889
0 0.797000 0.386889 0.008500 0.027111
0 0.873375 0.343556 0.015250 0.017778
0 0.825375 0.258444 0.081750 0.149778
0 0.830125 0.224222 0.031750 0.136444
0 0.885250 0.224222 0.067500 0.072444
0 0.888875 0.170667 0.052250 0.056889
0 0.884375 0.140667 0.045750 0.082222