0 0.219000 0.231111 0.028500 0.040889
0 0.149375 0.323111 0.040250 0.039111
0 0.191625 0.365556 0.045250 0.068889
0 0.123875 0.358889 0.060250 0.048444
0 0.141500 0.397111 0.052500 0.047556
0 0.125250 0.468222 0.049500 0.042222
0 0.115750 0.610000 0.080500 0.097333
0 0.124500 0.696222 0.064500 0.059111
0 0.209125 0.835778 0.056250 0.062667
0 0.193625 0.796000 0.027750 0.032889
0 0.182125 0.704889 0.033750 0.018667
0 0.186625 0.656000 0.043750 0.050667
0 0.182875 0.610222 0.017750 0.019556
0 0.178250 0.500444 0.053500 0.069333
0 0.208250 0.541333 0.024500 0.047111
0 0.202500 0.479333 0.028500 0.049333
0 0.163875 0.246444 0.018750 0.025333
0 0.251125 0.229778 0.008750 0.016889
0 0.264000 0.290889 0.045000 0.065333
0 0.224125 0.334667 0.009750 0.015111
0 0.259625 0.526000 0.016250 0.033333
0 0.242625 0.579111 0.050250 0.080000
0 0.233500 0.700444 0.041000 0.040889
0 0.251625 0.737333 0.075750 0.086222
0 0.334500 0.827778 0.027500 0.031556
0 0.320000 0.708889 0.069000 0.055111
0 0.282125 0.566889 0.030750 0.080444
0 0.295375 0.546444 0.011750 0.034222
0 0.293250 0.530222 0.016000 0.032889
0 0.299250 0.357333 0.021500 0.051556
0 0.313625 0.309111 0.007250 0.032444
0 0.311500 0.218444 0.024000 0.041333
0 0.314125 0.448444 0.024250 0.045333
0 0.323750 0.508000 0.029500 0.085333
0 0.359750 0.669111 0.069500 0.046667
0 0.384000 0.641556 0.018500 0.017333
0 0.353500 0.578889 0.025500 0.055556
0 0.342125 0.419333 0.038250 0.061778
0 0.347125 0.494889 0.021250 0.060889
0 0.367625 0.496444 0.035750 0.066667
0 0.378500 0.450889 0.023500 0.044000
0 0.362625 0.370889 0.011250 0.037778
0 0.384500 0.337111 0.030500 0.076889
0 0.399375 0.272444 0.012750 0.048889
0 0.460875 0.188222 0.025250 0.112444
0 0.435500 0.273778 0.024000 0.084444
0 0.449750 0.343333 0.007500 0.019111
0 0.424750 0.375556 0.009500 0.046222
0 0.441250 0.448000 0.011500 0.029333
0 0.430375 0.433556 0.011750 0.017333
0 0.434250 0.475333 0.028000 0.094667
0 0.426750 0.665556 0.021000 0.072444
0 0.406625 0.818222 0.029750 0.040889
0 0.446750 0.762889 0.029500 0.041333
0 0.436250 0.620000 0.010500 0.024000
0 0.449625 0.620889 0.029250 0.065778
0 0.395250 0.240444 0.004000 0.021333
0 0.486000 0.220667 0.023000 0.055556
0 0.478500 0.340667 0.004500 0.021778
0 0.514625 0.339333 0.034250 0.100000
0 0.495375 0.425778 0.017250 0.047111
0 0.489375 0.446000 0.015250 0.052000
0 0.503875 0.490889 0.022750 0.125778
0 0.517000 0.486000 0.031500 0.124000
0 0.514125 0.580000 0.025250 0.054222
0 0.502750 0.674444 0.020000 0.036000
0 0.496250 0.759778 0.026000 0.083111
0 0.543375 0.784889 0.040250 0.050667
0 0.536000 0.653333 0.018000 0.032889
0 0.545625 0.578667 0.026750 0.054222
0 0.554875 0.484889 0.036750 0.086222
0 0.525250 0.415111 0.020500 0.038222
0 0.574250 0.446222 0.022000 0.057778
0 0.553750 0.380222 0.031000 0.054667
0 0.560000 0.361778 0.014500 0.056000
0 0.539000 0.274889 0.032000 0.041333
0 0.539625 0.217778 0.011250 0.058667
0 0.588250 0.238444 0.026000 0.108000
0 0.599250 0.513111 0.030500 0.051111
0 0.609750 0.592000 0.033000 0.097778
0 0.596375 0.665111 0.022250 0.079556
0 0.620000 0.630889 0.045000 0.108889
0 0.647250 0.802667 0.020500 0.024000
0 0.627750 0.468444 0.023000 0.111111
0 0.615250 0.257778 0.029500 0.081778
0 0.615875 0.207556 0.017750 0.035556
0 0.647750 0.292889 0.013500 0.037333
0 0.680750 0.379556 0.038500 0.050667
0 0.686000 0.474889 0.026000 0.084000
0 0.689125 0.572667 0.048250 0.050222
0 0.675375 0.641556 0.045250 0.082222
0 0.698125 0.732667 0.024750 0.037778
0 0.734375 0.735778 0.041250 0.076000
0 0.722625 0.654889 0.010250 0.022667
0 0.668500 0.222667 0.013500 0.045333
0 0.741750 0.237333 0.015500 0.031111
0 0.708125 0.261111 0.021750 0.029778
0 0.694750 0.282667 0.030000 0.050667
0 0.734500 0.322889 0.050500 0.106222
0 0.742625 0.295556 0.037750 0.042667
0 0.775875 0.408667 0.038250 0.077778
0 0.769500 0.524667 0.033500 0.052000
0 0.789125 0.651556 0.031750 0.069333
0 0.787500 0.722667 0.032000 0.072000
0 0.798000 0.773111 0.034000 0.026222
0 0.890625 0.743556 0.044750 0.064000
0 0.866125 0.645333 0.093250 0.088000
0 0.894000 0.635778 0.050500 0.045778
0 0.823625 0.552000 0.063750 0.072889
0 0.892875 0.476667 0.073250 0.068889
0 0.821500 0.444000 0.046000 0.109333
0 0.865750 0.442889 0.028000 0.040444
0 0.845625 0.442000 0.034250 0.041333
0 0.843250 0.313111 0.046500 0.084000
0 0.858000 0.286444 0.058000 0.066222
0 0.778375 0.263556 0.008750 0.014222