0 0.180125 0.170444 0.016750 0.039556
0 0.207875 0.178444 0.022250 0.045778
0 0.247500 0.236667 0.050000 0.104444
0 0.207500 0.269111 0.043000 0.068000
0 0.158125 0.256000 0.024250 0.066667
0 0.160500 0.325556 0.037500 0.060889
0 0.159750 0.442000 0.022000 0.018222
0 0.210500 0.317333 0.031500 0.071111
0 0.192125 0.397556 0.046750 0.087556
0 0.198000 0.551556 0.050000 0.095111
0 0.137500 0.587333 0.025000 0.015556
0 0.134625 0.637556 0.035750 0.067111
0 0.186125 0.776222 0.007750 0.008444
0 0.190375 0.660667 0.020250 0.035111
0 0.226375 0.645556 0.010750 0.012000
0 0.248125 0.670000 0.035250 0.060000
0 0.251000 0.717333 0.005000 0.016000
0 0.286750 0.709556 0.036000 0.060000
0 0.290875 0.674667 0.025250 0.046222
0 0.251000 0.548889 0.030500 0.061333
0 0.243625 0.479111 0.021250 0.055111
0 0.274750 0.341333 0.041000 0.120889
0 0.279625 0.319778 0.018750 0.044889
0 0.314125 0.450889 0.055250 0.087556
0 0.306250 0.492222 0.023000 0.055556
0 0.286875 0.533556 0.026250 0.046667
0 0.329125 0.593556 0.028250 0.034222
0 0.350000 0.635556 0.033500 0.099556
0 0.373625 0.739778 0.013750 0.036000
0 0.389500 0.570222 0.032000 0.124444
0 0.397250 0.534444 0.016000 0.029778
0 0.381500 0.466222 0.052000 0.092444
0 0.349625 0.369556 0.016750 0.065333
0 0.324375 0.292889 0.035250 0.079111
0 0.352125 0.298889 0.029750 0.060000
0 0.343250 0.257778 0.013500 0.043556
0 0.312000 0.236000 0.009500 0.038222
0 0.331500 0.184444 0.007500 0.021333
0 0.366500 0.193111 0.014500 0.033333
0 0.389125 0.237111 0.017750 0.049333
0 0.417250 0.342000 0.006000 0.019111
0 0.377250 0.366667 0.042500 0.088000
0 0.424250 0.390000 0.054000 0.054667
0 0.448875 0.388000 0.007250 0.024889
0 0.445375 0.459556 0.006750 0.031111
0 0.454375 0.536444 0.043750 0.066667
0 0.434500 0.622222 0.025500 0.082667
0 0.479375 0.606222 0.016750 0.021333
0 0.495625 0.632444 0.008750 0.031111
0 0.447250 0.764667 0.015000 0.024444
0 0.501750 0.723778 0.004500 0.026222
0 0.532375 0.632000 0.006750 0.022222
0 0.474125 0.429556 0.018250 0.047556
0 0.477875 0.484222 0.024250 0.071556
0 0.449250 0.325111 0.007000 0.023556
0 0.454375 0.251333 0.008750 0.032444
0 0.449625 0.129333 0.023750 0.129778
0 0.476750 0.231111 0.007500 0.009778
0 0.487000 0.257111 0.031000 0.068889
0 0.495875 0.350889 0.010750 0.027111
0 0.503875 0.395333 0.012750 0.044000
0 0.497250 0.496889 0.023000 0.064889
0 0.513000 0.474667 0.023000 0.063111
0 0.531125 0.519778 0.025750 0.079556
0 0.518750 0.360000 0.025000 0.079111
0 0.526625 0.322000 0.025250 0.083111
0 0.541750 0.247333 0.021500 0.060000
0 0.544875 0.142889 0.045250 0.107111
0 0.586250 0.172667 0.041000 0.076889
0 0.624750 0.146222 0.026500 0.117333
0 0.640125 0.228889 0.025250 0.064889
0 0.604375 0.351333 0.032750 0.076889
0 0.580125 0.367111 0.007250 0.021333
0 0.572875 0.428222 0.022750 0.100889
0 0.594875 0.393778 0.057250 0.088889
0 0.589125 0.544889 0.047250 0.060444
0 0.630125 0.536444 0.014250 0.040889
0 0.575625 0.726889 0.010750 0.053778
0 0.633375 0.730667 0.014250 0.044444
0 0.629875 0.688444 0.020250 0.048889
0 0.649875 0.656667 0.018750 0.033333
0 0.683875 0.641556 0.013750 0.032444
0 0.677250 0.549111 0.033000 0.116000
0 0.646125 0.468444 0.037250 0.099556
0 0.665125 0.483111 0.011750 0.024889
0 0.653000 0.423556 0.022500 0.028444
0 0.686125 0.392222 0.046250 0.060000
0 0.642125 0.320000 0.027750 0.057778
0 0.682125 0.324667 0.010250 0.049333
0 0.680250 0.242444 0.055500 0.060000
0 0.716375 0.167111 0.004750 0.032000
0 0.775875 0.147778 0.041250 0.085778
0 0.799750 0.224000 0.025000 0.055111
0 0.773625 0.263333 0.033750 0.049333
0 0.726000 0.343778 0.012500 0.025333
0 0.763875 0.341333 0.020750 0.040000
0 0.741250 0.419778 0.039000 0.120444
0 0.773875 0.417778 0.030250 0.048000
0 0.715125 0.568667 0.012750 0.038667
0 0.761125 0.498889 0.014250 0.022667
0 0.763875 0.645778 0.007250 0.026667
0 0.721875 0.667556 0.006250 0.014222
0 0.760750 0.694444 0.043000 0.041333
0 0.815000 0.711333 0.044500 0.063556
0 0.829000 0.678667 0.015000 0.017778
0 0.863000 0.730000 0.042500 0.052889
0 0.913125 0.750222 0.054750 0.042667
0 0.821500 0.578444 0.036500 0.028889
0 0.800375 0.530000 0.034750 0.059111
0 0.837250 0.486222 0.025500 0.038222
0 0.812250 0.349778 0.015000 0.015111
0 0.826375 0.297333 0.037750 0.091556
0 0.860375 0.338667 0.026250 0.037333
0 0.891875 0.369556 0.055250 0.067111
0 0.888750 0.404444 0.040000 0.048000
0 0.881750 0.450222 0.043500 0.055111
0 0.912000 0.531111 0.077000 0.071111