0 0.188625 0.193333 0.017250 0.031111
0 0.183250 0.212222 0.052500 0.079556
0 0.183875 0.251556 0.041250 0.111111
0 0.179000 0.347556 0.040500 0.103111
0 0.249250 0.206000 0.066500 0.136444
0 0.232875 0.283111 0.034750 0.092444
0 0.250875 0.311333 0.013750 0.036000
0 0.280500 0.196667 0.017500 0.017333
0 0.234500 0.371556 0.034500 0.062222
0 0.284375 0.308222 0.015250 0.028000
0 0.296875 0.326667 0.040750 0.057778
0 0.286750 0.353333 0.059500 0.092444
0 0.317875 0.318444 0.016750 0.038667
0 0.312000 0.375556 0.026000 0.053333
0 0.339000 0.306000 0.015500 0.034222
0 0.337875 0.246000 0.011750 0.047556
0 0.374125 0.254889 0.011250 0.033333
0 0.408000 0.268222 0.009500 0.016444
0 0.428875 0.382444 0.013250 0.036000
0 0.164625 0.463778 0.050750 0.106222
0 0.192625 0.442667 0.026250 0.062222
0 0.213500 0.444889 0.059000 0.112000
0 0.287000 0.487111 0.014500 0.030222
0 0.359875 0.400444 0.017250 0.032889
0 0.325625 0.531111 0.030250 0.070222
0 0.229500 0.585333 0.010500 0.018667
0 0.287500 0.545111 0.033000 0.075111
0 0.165625 0.640889 0.050250 0.091556
0 0.230375 0.646889 0.027750 0.054667
0 0.175750 0.711556 0.041500 0.071111
0 0.167875 0.789556 0.039750 0.089333
0 0.253375 0.709333 0.014250 0.031111
0 0.282375 0.745333 0.020750 0.042667
0 0.335625 0.619333 0.016750 0.030667
0 0.331750 0.698667 0.014000 0.021333
0 0.370875 0.748889 0.027250 0.059556
0 0.374375 0.560000 0.012250 0.016889
0 0.383250 0.574222 0.055500 0.069333
0 0.414125 0.675111 0.019750 0.054222
0 0.421500 0.626222 0.010000 0.038222
0 0.428375 0.602667 0.012750 0.048000
0 0.408125 0.436889 0.026750 0.104000
0 0.465625 0.717333 0.021750 0.028444
0 0.453625 0.243111 0.008250 0.040889
0 0.495000 0.302000 0.053000 0.068000
0 0.468875 0.384000 0.024250 0.053333
0 0.468375 0.446667 0.019750 0.079111
0 0.510875 0.392222 0.013750 0.047556
0 0.512875 0.470222 0.015250 0.032889
0 0.473625 0.547333 0.012750 0.039556
0 0.473375 0.594000 0.003750 0.030667
0 0.495375 0.645111 0.018750 0.020000
0 0.516875 0.683111 0.024750 0.028444
0 0.529750 0.708889 0.020000 0.036444
0 0.507125 0.539778 0.012750 0.026222
0 0.532250 0.551778 0.017500 0.036000
0 0.532500 0.602222 0.022000 0.036444
0 0.555375 0.468889 0.017750 0.046222
0 0.564000 0.396222 0.018500 0.042222
0 0.586750 0.540222 0.022000 0.028000
0 0.578625 0.605778 0.017750 0.046222
0 0.570375 0.662667 0.019250 0.056000
0 0.584750 0.378889 0.006500 0.016444
0 0.605500 0.415556 0.003500 0.008889
0 0.611125 0.518000 0.018250 0.057333
0 0.623750 0.688889 0.067000 0.067556
0 0.660375 0.675111 0.016750 0.032889
0 0.660000 0.591111 0.018000 0.032000
0 0.662750 0.460444 0.014500 0.040000
0 0.639625 0.400222 0.023750 0.038667
0 0.692875 0.432000 0.012250 0.047111
0 0.666875 0.527556 0.051750 0.058667
0 0.709875 0.510444 0.024750 0.049333
0 0.708125 0.583333 0.031750 0.043111
0 0.718375 0.722667 0.033750 0.028444
0 0.749375 0.585111 0.015750 0.027111
0 0.772125 0.694444 0.038250 0.031556
0 0.785375 0.662667 0.013750 0.022222
0 0.777250 0.591556 0.008500 0.038222
0 0.758750 0.504222 0.046000 0.053778
0 0.758625 0.532444 0.040250 0.048000
0 0.794750 0.539111 0.057500 0.046222
0 0.800875 0.497556 0.049750 0.061778
0 0.556625 0.317556 0.007250 0.017333
0 0.562000 0.334222 0.005500 0.021333
0 0.559500 0.273111 0.007000 0.025333
0 0.585875 0.195111 0.005250 0.019556
0 0.602625 0.228000 0.023250 0.056000
0 0.635125 0.174000 0.018250 0.051111
0 0.642000 0.232444 0.033000 0.079111
0 0.645625 0.289333 0.031750 0.051556
0 0.598375 0.299556 0.021250 0.051556
0 0.672250 0.195111 0.007500 0.023111
0 0.683500 0.197556 0.017500 0.023556
0 0.699500 0.310222 0.014000 0.040000
0 0.732750 0.213333 0.015000 0.018667
0 0.733500 0.276000 0.009500 0.020444
0 0.863500 0.638222 0.047500 0.090667
0 0.892000 0.672444 0.029500 0.040889
0 0.895000 0.602889 0.016000 0.027111
0 0.868875 0.564889 0.064250 0.072889
0 0.906250 0.536889 0.034500 0.040889
0 0.767375 0.433556 0.014250 0.035111
0 0.831875 0.436222 0.034250 0.046667
0 0.875875 0.414667 0.045250 0.073778
0 0.827250 0.397778 0.046500 0.056889
0 0.849625 0.365111 0.017750 0.012889
0 0.886250 0.361333 0.059500 0.060444
0 0.812500 0.377333 0.024000 0.025778
0 0.746625 0.364889 0.025250 0.053333
0 0.788625 0.368667 0.031750 0.061778
0 0.740250 0.303778 0.032500 0.081333
0 0.768375 0.247778 0.020250 0.029778
0 0.788875 0.315778 0.042750 0.052889
0 0.837750 0.284444 0.052000 0.098667
0 0.874125 0.247556 0.033750 0.049778