0 0.181125 0.200667 0.031250 0.068889
0 0.295750 0.195111 0.054000 0.099556
0 0.358875 0.209333 0.013750 0.041778
0 0.207250 0.323333 0.050000 0.076889
0 0.257750 0.301778 0.032000 0.088889
0 0.271250 0.330222 0.018500 0.035556
0 0.351375 0.277111 0.039250 0.083111
0 0.260625 0.356667 0.036250 0.061778
0 0.250375 0.384000 0.057250 0.096889
0 0.174500 0.408667 0.066500 0.092000
0 0.316125 0.380222 0.061250 0.118667
0 0.303375 0.281556 0.042250 0.169333
0 0.359250 0.410667 0.034000 0.091556
0 0.123625 0.478222 0.103250 0.059556
0 0.159500 0.545556 0.082500 0.105333
0 0.141625 0.542222 0.077750 0.118222
0 0.227000 0.488889 0.058500 0.066667
0 0.216000 0.549556 0.060500 0.106222
0 0.232750 0.549111 0.051500 0.104444
0 0.291750 0.532889 0.035000 0.100444
0 0.322750 0.510667 0.051000 0.090667
0 0.347000 0.491556 0.038500 0.059556
0 0.137875 0.671556 0.103750 0.085333
0 0.241625 0.695778 0.027750 0.032444
0 0.222000 0.743111 0.043000 0.041778
0 0.263000 0.748000 0.045500 0.060444
0 0.309125 0.690000 0.011750 0.018222
0 0.318250 0.628000 0.037000 0.083556
0 0.324500 0.747111 0.044500 0.071111
0 0.358250 0.704889 0.048000 0.082667
0 0.413625 0.228889 0.025250 0.074667
0 0.463000 0.212000 0.038500 0.096889
0 0.493125 0.232222 0.006250 0.035111
0 0.438875 0.320222 0.011750 0.022667
0 0.424750 0.362444 0.026000 0.057333
0 0.449625 0.369333 0.046750 0.103111
0 0.423750 0.425111 0.040000 0.067111
0 0.526625 0.166444 0.028750 0.115111
0 0.561250 0.179556 0.023000 0.100444
0 0.502250 0.283556 0.029500 0.022222
0 0.506875 0.312000 0.021750 0.057778
0 0.482625 0.386222 0.045250 0.108444
0 0.551750 0.337111 0.028000 0.069778
0 0.540500 0.410889 0.039500 0.089333
0 0.447875 0.472000 0.052750 0.114667
0 0.488625 0.482222 0.023250 0.078222
0 0.406375 0.488444 0.018250 0.034667
0 0.409500 0.585556 0.008000 0.020000
0 0.512000 0.546667 0.030500 0.089778
0 0.562500 0.461333 0.036500 0.063111
0 0.415000 0.654889 0.018500 0.038667
0 0.457000 0.602000 0.008500 0.023556
0 0.445500 0.628000 0.027500 0.060444
0 0.486250 0.682667 0.026000 0.068444
0 0.547625 0.690667 0.018250 0.027556
0 0.550500 0.588222 0.044000 0.060889
0 0.598250 0.674222 0.018000 0.055111
0 0.460250 0.782000 0.032000 0.063556
0 0.422625 0.743111 0.043250 0.071111
0 0.408250 0.724000 0.028000 0.049778
0 0.385500 0.763333 0.033500 0.036000
0 0.498000 0.786222 0.030000 0.049778
0 0.602500 0.714667 0.049500 0.056889
0 0.599375 0.557778 0.018250 0.051556
0 0.592000 0.468444 0.030500 0.087111
0 0.636500 0.493333 0.007500 0.034667
0 0.647125 0.584444 0.009750 0.039111
0 0.600250 0.253333 0.047000 0.072889
0 0.594500 0.322222 0.042000 0.075556
0 0.597500 0.395778 0.054500 0.062667
0 0.619000 0.406889 0.018000 0.046667
0 0.760500 0.784889 0.050500 0.035556
0 0.683500 0.695778 0.023500 0.055556
0 0.710500 0.706889 0.040000 0.097333
0 0.678000 0.634667 0.052500 0.080889
0 0.699375 0.555778 0.042250 0.071556
0 0.662625 0.501333 0.023250 0.052444
0 0.652125 0.351556 0.033250 0.049778
0 0.635750 0.298667 0.010000 0.020444
0 0.669125 0.227556 0.022750 0.072000
0 0.679125 0.275778 0.023250 0.034222
0 0.706875 0.192889 0.033250 0.104000
0 0.748750 0.205111 0.047000 0.100000
0 0.680875 0.341111 0.027750 0.085778
0 0.721500 0.334889 0.044500 0.087556
0 0.757875 0.299778 0.034750 0.088444
0 0.804750 0.189333 0.047000 0.099556
0 0.858125 0.246889 0.066750 0.092889
0 0.803000 0.351333 0.033500 0.061778
0 0.818875 0.361778 0.049750 0.055111
0 0.852125 0.348667 0.030750 0.075111
0 0.689000 0.445333 0.061500 0.057778
0 0.728500 0.413778 0.031500 0.088889
0 0.774625 0.422444 0.023250 0.037778
0 0.880250 0.375778 0.046000 0.082222
0 0.833500 0.410000 0.060500 0.068889
0 0.731375 0.537556 0.036750 0.076000
0 0.759250 0.470667 0.063000 0.064000
0 0.768250 0.532889 0.039000 0.115556
0 0.789750 0.692444 0.049000 0.080889
0 0.800500 0.650889 0.028500 0.057333
0 0.830250 0.614444 0.035000 0.060000
0 0.825500 0.661111 0.026500 0.037778
0 0.827375 0.697333 0.039750 0.056000
0 0.876375 0.762000 0.034750 0.041333
0 0.879375 0.650667 0.047750 0.027556
0 0.872500 0.499111 0.053000 0.048000
0 0.892125 0.538444 0.076750 0.121333