0 0.160125 0.297778 0.022750 0.032889
0 0.145875 0.321556 0.046750 0.060000
0 0.181750 0.239111 0.027500 0.062222
0 0.196375 0.293111 0.040250 0.078667
0 0.205750 0.222667 0.053500 0.090667
0 0.249250 0.218444 0.048500 0.124000
0 0.261750 0.325556 0.023500 0.046667
0 0.144875 0.378667 0.051250 0.088889
0 0.213250 0.398222 0.030000 0.064889
0 0.227500 0.455778 0.041500 0.052889
0 0.285750 0.300444 0.030000 0.094222
0 0.300875 0.262444 0.038750 0.098222
0 0.314000 0.221556 0.021500 0.047556
0 0.308750 0.382667 0.024000 0.072000
0 0.351875 0.229333 0.034250 0.064000
0 0.340000 0.260444 0.026000 0.065778
0 0.130500 0.446889 0.063000 0.092000
0 0.184375 0.476000 0.025250 0.062222
0 0.220875 0.522444 0.059750 0.091111
0 0.261625 0.507333 0.051750 0.111556
0 0.327625 0.503111 0.037750 0.065778
0 0.345750 0.562889 0.041000 0.075111
0 0.357625 0.322667 0.023750 0.059556
0 0.359375 0.371333 0.012250 0.042222
0 0.397250 0.399556 0.005500 0.023111
0 0.403250 0.475556 0.007500 0.034667
0 0.429875 0.471778 0.007250 0.032444
0 0.166500 0.590889 0.058500 0.072444
0 0.116875 0.642444 0.058250 0.089333
0 0.119500 0.687778 0.060000 0.037778
0 0.152750 0.745778 0.086500 0.112000
0 0.137500 0.769556 0.031500 0.029778
0 0.176250 0.712444 0.031000 0.026667
0 0.211500 0.818000 0.051000 0.070667
0 0.218250 0.677333 0.045500 0.048000
0 0.213250 0.631333 0.021500 0.046667
0 0.237750 0.610000 0.038000 0.072444
0 0.305500 0.612222 0.057500 0.090222
0 0.270750 0.672667 0.030000 0.057333
0 0.311875 0.692222 0.072250 0.075111
0 0.279375 0.778222 0.019750 0.042667
0 0.319500 0.781111 0.022500 0.035111
0 0.382625 0.702444 0.015750 0.028889
0 0.378625 0.804444 0.044750 0.095111
0 0.381250 0.564667 0.028000 0.051111
0 0.381125 0.189778 0.039750 0.117333
0 0.442625 0.182222 0.036250 0.126222
0 0.453625 0.275111 0.021750 0.080889
0 0.437375 0.345111 0.033250 0.085778
0 0.478500 0.312000 0.010500 0.061333
0 0.476625 0.213556 0.016250 0.076000
0 0.496000 0.217333 0.024500 0.080889
0 0.501750 0.399556 0.006500 0.037333
0 0.477000 0.355333 0.013500 0.025333
0 0.481625 0.409778 0.026750 0.090667
0 0.423875 0.581556 0.028750 0.055556
0 0.438750 0.565778 0.016000 0.031111
0 0.426125 0.690444 0.026750 0.066222
0 0.440500 0.808444 0.009000 0.024889
0 0.487500 0.750667 0.027500 0.110222
0 0.532375 0.830667 0.014250 0.016889
0 0.592750 0.809556 0.014000 0.029778
0 0.472875 0.589111 0.038250 0.078667
0 0.513250 0.554667 0.053500 0.103111
0 0.544625 0.535778 0.009750 0.024444
0 0.559375 0.568667 0.037750 0.084889
0 0.536125 0.233778 0.011750 0.062222
0 0.545125 0.330000 0.032750 0.115111
0 0.541875 0.406889 0.014750 0.033333
0 0.531750 0.428667 0.024500 0.051111
0 0.579125 0.234667 0.014750 0.051556
0 0.587250 0.295333 0.023000 0.060000
0 0.575750 0.330889 0.023500 0.090222
0 0.580875 0.403333 0.016250 0.036000
0 0.590625 0.427778 0.023750 0.073333
0 0.589000 0.509333 0.038500 0.088889
0 0.610625 0.494889 0.014750 0.027111
0 0.607875 0.602667 0.040750 0.079111
0 0.627500 0.614000 0.012500 0.021778
0 0.623500 0.788222 0.026500 0.050222
0 0.657625 0.704000 0.037250 0.064000
0 0.679250 0.796000 0.019500 0.041778
0 0.672875 0.612889 0.018750 0.048000
0 0.646875 0.509111 0.031750 0.095556
0 0.673500 0.528444 0.018000 0.031111
0 0.634375 0.236000 0.025750 0.068444
0 0.640750 0.301333 0.028500 0.080000
0 0.617750 0.363556 0.019000 0.070222
0 0.629125 0.364000 0.016750 0.045333
0 0.672375 0.364000 0.026750 0.046222
0 0.678250 0.414889 0.061500 0.087556
0 0.661625 0.221556 0.020750 0.044000
0 0.664000 0.267556 0.042500 0.091556
0 0.728375 0.365111 0.045250 0.060000
0 0.718375 0.619556 0.015250 0.024000
0 0.729000 0.638444 0.008500 0.009333
0 0.708500 0.217111 0.030500 0.085778
0 0.718750 0.236222 0.018000 0.054667
0 0.737250 0.222000 0.019500 0.063556
0 0.724375 0.283556 0.030250 0.048000
0 0.786375 0.249111 0.013750 0.015556
0 0.763375 0.334444 0.019250 0.042222
0 0.730625 0.435556 0.051250 0.087111
0 0.756625 0.384000 0.042250 0.052444
0 0.782000 0.390444 0.050000 0.089333
0 0.811000 0.312667 0.027500 0.070667
0 0.845250 0.256889 0.045000 0.084444
0 0.854875 0.216444 0.036750 0.067556
0 0.825750 0.362889 0.049000 0.048444
0 0.873875 0.343111 0.055250 0.090667
0 0.828125 0.436222 0.069750 0.072444
0 0.861875 0.444889 0.026750 0.051556
0 0.725125 0.741333 0.031250 0.050667
0 0.732125 0.694000 0.027750 0.044889
0 0.753750 0.531556 0.040000 0.082667
0 0.767125 0.572889 0.035250 0.058667
0 0.792125 0.790000 0.047250 0.058222
0 0.848250 0.787778 0.016500 0.018222
0 0.849500 0.713111 0.012500 0.011111
0 0.802500 0.648889 0.079000 0.159111
0 0.815750 0.657111 0.030000 0.040444
0 0.820625 0.593556 0.025250 0.036889
0 0.862625 0.600667 0.017750 0.054667
0 0.822875 0.551556 0.034750 0.042667
0 0.863500 0.523778 0.044500 0.054667