0 0.222667 0.067000 0.008000 0.009000
0 0.398889 0.090125 0.064444 0.040750
0 0.214667 0.109500 0.026667 0.039500
0 0.265333 0.110750 0.013333 0.026500
0 0.325111 0.099250 0.020000 0.016000
0 0.448889 0.062625 0.019556 0.030250
0 0.531556 0.033125 0.056000 0.065750
0 0.606222 0.055625 0.067556 0.068750
0 0.699333 0.038750 0.061778 0.072000
0 0.790444 0.038375 0.051111 0.076250
0 0.898667 0.043250 0.095111 0.074000
0 0.920000 0.103375 0.127111 0.066750
0 0.827333 0.144125 0.087556 0.076750
0 0.578889 0.149750 0.048444 0.053000
0 0.542222 0.135875 0.054222 0.079250
0 0.509111 0.107750 0.045778 0.063500
0 0.191333 0.169875 0.052889 0.028250
0 0.332667 0.153500 0.030667 0.045000
0 0.379111 0.163375 0.046222 0.049750
0 0.423778 0.170500 0.023556 0.034000
0 0.745778 0.204250 0.144000 0.079500
0 0.888667 0.205000 0.113333 0.072000
0 0.851778 0.240375 0.019111 0.009750
0 0.805333 0.228750 0.087111 0.068500
0 0.800889 0.272000 0.094222 0.036000
0 0.612889 0.255875 0.060444 0.082250
0 0.500444 0.280625 0.033778 0.027750
0 0.360000 0.252250 0.096889 0.054000
0 0.382667 0.213250 0.052444 0.040500
0 0.218444 0.204250 0.071556 0.053000
0 0.176667 0.209500 0.042222 0.028000
0 0.208889 0.275500 0.026667 0.029500
0 0.319778 0.269125 0.054667 0.032750
0 0.369778 0.283375 0.053333 0.034750
0 0.465333 0.304875 0.050667 0.063750
0 0.736889 0.299250 0.071111 0.076500
0 0.923778 0.321875 0.105333 0.046750
0 0.903333 0.409375 0.085778 0.026250
0 0.731778 0.385125 0.084889 0.063250
0 0.600889 0.354875 0.128889 0.054750
0 0.641778 0.334625 0.046222 0.024750
0 0.534889 0.374625 0.046667 0.043750
0 0.412222 0.331125 0.025333 0.025250
0 0.286889 0.312125 0.037778 0.038250
0 0.188222 0.323375 0.081333 0.037250
0 0.384889 0.340625 0.042667 0.014750
0 0.414222 0.368750 0.063111 0.055500
0 0.608889 0.411625 0.064889 0.060250
0 0.791333 0.399500 0.041333 0.023500
0 0.726222 0.430125 0.073778 0.033750
0 0.204222 0.379875 0.055556 0.015750
0 0.302889 0.390375 0.055556 0.025750
0 0.293111 0.411750 0.059111 0.032000
0 0.179778 0.433125 0.116000 0.034250
0 0.503778 0.447750 0.068000 0.036500
0 0.706889 0.473625 0.058222 0.059750
0 0.888000 0.465125 0.112000 0.034250
0 0.918000 0.509875 0.090222 0.035250
0 0.837333 0.515625 0.090667 0.045750
0 0.921778 0.563125 0.117333 0.030250
0 0.812222 0.558500 0.108000 0.031000
0 0.849111 0.550750 0.037778 0.030500
0 0.614444 0.490250 0.101778 0.080000
0 0.586889 0.545000 0.108000 0.045500
0 0.346889 0.511625 0.056444 0.025250
0 0.397556 0.548750 0.084889 0.033000
0 0.298000 0.578625 0.028889 0.018250
0 0.189333 0.570875 0.066667 0.031250
0 0.257556 0.566500 0.059111 0.028000
0 0.516444 0.559250 0.056000 0.051000
0 0.570222 0.572250 0.056889 0.024500
0 0.634000 0.598625 0.071556 0.052250
0 0.748889 0.605000 0.098667 0.061500
0 0.794000 0.627375 0.053778 0.022250
0 0.909778 0.606500 0.085333 0.076000
0 0.386222 0.616750 0.046222 0.023000
0 0.185333 0.614625 0.036444 0.020750
0 0.257333 0.615500 0.069333 0.035000
0 0.277778 0.660250 0.039111 0.023500
0 0.237778 0.666500 0.028444 0.026000
0 0.860222 0.682375 0.054667 0.027750
0 0.773333 0.663875 0.036444 0.018250
0 0.384222 0.672000 0.044889 0.037500
0 0.466667 0.674750 0.038222 0.026000
0 0.571333 0.698250 0.067111 0.064500
0 0.704000 0.695125 0.055111 0.034750
0 0.759556 0.743250 0.100444 0.072500
0 0.702444 0.735500 0.068889 0.062500
0 0.542444 0.750875 0.053778 0.051250
0 0.868222 0.753500 0.095556 0.080500
0 0.866889 0.804625 0.044000 0.039250
0 0.917333 0.844125 0.123556 0.069250
0 0.782444 0.812250 0.092889 0.057000
0 0.618889 0.810250 0.127556 0.083500
0 0.392000 0.736875 0.044444 0.022250
0 0.252222 0.733625 0.060000 0.050750
0 0.185556 0.726750 0.034222 0.020000
0 0.397333 0.774500 0.026667 0.035000
0 0.286889 0.795375 0.051111 0.074750
0 0.183778 0.771000 0.012889 0.017000
0 0.164667 0.859125 0.084000 0.069750
0 0.212667 0.897875 0.031556 0.033250
0 0.477111 0.795125 0.070667 0.039750
0 0.820222 0.894625 0.114222 0.044250
0 0.780444 0.900875 0.038222 0.035250
0 0.702667 0.868375 0.072889 0.085250
0 0.698444 0.925125 0.115111 0.093750
0 0.624667 0.923125 0.099111 0.085250
0 0.565111 0.864250 0.046667 0.042500
0 0.466667 0.902875 0.149333 0.083750
0 0.473333 0.930375 0.014222 0.010750
0 0.382667 0.939625 0.051556 0.090250
0 0.364222 0.812125 0.026222 0.016750