0 0.175000 0.296667 0.032500 0.037778
0 0.205500 0.272444 0.052000 0.086222
0 0.213875 0.238889 0.041250 0.108000
0 0.230875 0.215111 0.032750 0.116444
0 0.267000 0.262000 0.060000 0.084000
0 0.298625 0.132000 0.073250 0.152000
0 0.320625 0.232667 0.066750 0.173778
0 0.325500 0.186000 0.018000 0.030667
0 0.379875 0.222889 0.046250 0.082222
0 0.354125 0.244667 0.023750 0.050222
0 0.371375 0.256000 0.027250 0.067556
0 0.434375 0.293111 0.022750 0.068889
0 0.479875 0.220667 0.035750 0.132000
0 0.520750 0.230000 0.033500 0.092000
0 0.566250 0.251778 0.024500 0.036000
0 0.171250 0.369333 0.036500 0.032000
0 0.182625 0.398222 0.028250 0.035556
0 0.192500 0.414889 0.051000 0.087556
0 0.231250 0.365778 0.035500 0.026667
0 0.297625 0.375111 0.009750 0.024000
0 0.279500 0.440000 0.018000 0.039111
0 0.311000 0.431556 0.058000 0.066667
0 0.344500 0.445556 0.025000 0.038667
0 0.363750 0.350667 0.040000 0.072000
0 0.398000 0.382222 0.036000 0.048889
0 0.445750 0.398667 0.042000 0.072889
0 0.471375 0.393111 0.024250 0.062667
0 0.487875 0.356000 0.032750 0.080000
0 0.478500 0.431111 0.034000 0.076444
0 0.164375 0.518667 0.016250 0.037333
0 0.215000 0.479333 0.043000 0.075111
0 0.251750 0.526444 0.036500 0.067111
0 0.314500 0.580444 0.014000 0.018667
0 0.306875 0.515333 0.033250 0.112444
0 0.354500 0.524000 0.027000 0.076444
0 0.343125 0.557333 0.080250 0.080889
0 0.396125 0.493778 0.024750 0.071111
0 0.429375 0.548222 0.023750 0.020000
0 0.436625 0.583556 0.023250 0.055111
0 0.418000 0.591778 0.016500 0.028000
0 0.409000 0.589556 0.040500 0.080444
0 0.483000 0.516667 0.029000 0.077778
0 0.178875 0.688222 0.055750 0.053778
0 0.246375 0.605333 0.025250 0.032889
0 0.242875 0.654222 0.048250 0.094222
0 0.141375 0.772889 0.035750 0.059556
0 0.188875 0.762222 0.035750 0.051556
0 0.249375 0.774222 0.035750 0.086222
0 0.291250 0.826667 0.036000 0.084444
0 0.294125 0.694889 0.031750 0.052000
0 0.336750 0.792000 0.062000 0.060444
0 0.345125 0.686000 0.041250 0.065333
0 0.307500 0.606444 0.009500 0.009333
0 0.173750 0.634000 0.007500 0.023556
0 0.413375 0.645778 0.045750 0.036444
0 0.387875 0.708667 0.029250 0.044000
0 0.435500 0.781778 0.031500 0.057778
0 0.505375 0.700889 0.011250 0.038222
0 0.502250 0.630444 0.057000 0.103556
0 0.494375 0.603333 0.031250 0.068000
0 0.537000 0.612667 0.025000 0.051111
0 0.549500 0.655333 0.047500 0.061778
0 0.531000 0.816000 0.032000 0.093333
0 0.583500 0.657333 0.026500 0.043556
0 0.610000 0.799778 0.025000 0.047556
0 0.611250 0.602444 0.020000 0.038667
0 0.543125 0.485778 0.031250 0.078222
0 0.557875 0.513333 0.020750 0.072000
0 0.543875 0.404000 0.044750 0.090667
0 0.574750 0.318222 0.033000 0.070222
0 0.603500 0.244667 0.027500 0.066222
0 0.598500 0.276444 0.030500 0.048000
0 0.587625 0.398444 0.027750 0.078667
0 0.605000 0.336667 0.022500 0.122222
0 0.633125 0.301556 0.035250 0.059111
0 0.631500 0.395778 0.011500 0.037778
0 0.648125 0.434000 0.030250 0.060000
0 0.673625 0.434444 0.015750 0.039556
0 0.602125 0.495111 0.044750 0.064889
0 0.607875 0.459778 0.033250 0.043111
0 0.643750 0.502667 0.040000 0.056000
0 0.682125 0.160667 0.053250 0.172889
0 0.680250 0.363111 0.038000 0.084444
0 0.697375 0.493778 0.062750 0.074667
0 0.736000 0.281556 0.034000 0.092889
0 0.722250 0.364000 0.036000 0.086222
0 0.745750 0.370000 0.033000 0.084889
0 0.767000 0.384000 0.035500 0.053333
0 0.791750 0.257333 0.034500 0.067556
0 0.831375 0.252222 0.034250 0.061778
0 0.844375 0.308000 0.047750 0.069333
0 0.739125 0.460222 0.034250 0.052889
0 0.745875 0.509333 0.040750 0.064889
0 0.791500 0.456444 0.044500 0.045333
0 0.777125 0.495111 0.039250 0.052444
0 0.806250 0.499778 0.019000 0.045778
0 0.830250 0.452667 0.058500 0.084000
0 0.870875 0.386889 0.043750 0.119556
0 0.667000 0.768667 0.022500 0.043111
0 0.701500 0.806889 0.030500 0.039556
0 0.646625 0.600000 0.024250 0.027556
0 0.646750 0.666444 0.026500 0.047556
0 0.667375 0.640222 0.065250 0.078667
0 0.693000 0.584889 0.044500 0.134222
0 0.691000 0.696222 0.039500 0.105333
0 0.748125 0.684444 0.056250 0.120000
0 0.788375 0.750444 0.039250 0.054667
0 0.816125 0.798222 0.064750 0.080889
0 0.898375 0.757778 0.061750 0.081778
0 0.823875 0.705333 0.032250 0.029333
0 0.864625 0.637333 0.023250 0.025778
0 0.763625 0.611333 0.058750 0.080444
0 0.787625 0.643778 0.046750 0.069778
0 0.788750 0.580000 0.045000 0.080889
0 0.816625 0.582667 0.038750 0.091556
0 0.848250 0.534667 0.059000 0.047111
0 0.835500 0.568889 0.040500 0.066667