0 0.101750 0.161333 0.016500 0.023111
0 0.100250 0.197556 0.031000 0.052000
0 0.174250 0.111333 0.023000 0.048444
0 0.150125 0.189778 0.079250 0.057778
0 0.168250 0.243333 0.065500 0.138222
0 0.246750 0.159556 0.066000 0.111111
0 0.287625 0.197556 0.089250 0.104444
0 0.335000 0.180000 0.010000 0.013333
0 0.362625 0.165333 0.013750 0.023111
0 0.241875 0.269556 0.057250 0.129333
0 0.366000 0.277111 0.040500 0.071556
0 0.425625 0.145778 0.018250 0.034667
0 0.407250 0.198667 0.027500 0.070222
0 0.300500 0.379333 0.050500 0.098222
0 0.348000 0.398667 0.037500 0.098667
0 0.067750 0.433778 0.042500 0.038222
0 0.120375 0.280667 0.052250 0.095556
0 0.082250 0.296667 0.063000 0.100000
0 0.084250 0.538222 0.031500 0.025778
0 0.123750 0.473111 0.064000 0.046667
0 0.164000 0.399333 0.083000 0.092889
0 0.184375 0.464000 0.058250 0.087111
0 0.278000 0.488222 0.036500 0.054667
0 0.293875 0.515111 0.041750 0.044444
0 0.335875 0.498222 0.054250 0.063111
0 0.291000 0.579111 0.049500 0.156444
0 0.356000 0.552889 0.043000 0.100444
0 0.427125 0.505111 0.046750 0.132000
0 0.474125 0.457778 0.032750 0.093333
0 0.163375 0.565556 0.078250 0.053778
0 0.168250 0.626000 0.084000 0.067111
0 0.041000 0.658444 0.077000 0.085778
0 0.116250 0.686889 0.059500 0.122222
0 0.156625 0.726222 0.083750 0.076444
0 0.053500 0.830222 0.039000 0.047111
0 0.112250 0.873111 0.053000 0.081333
0 0.158750 0.860222 0.092000 0.108000
0 0.238750 0.749778 0.054000 0.104889
0 0.284750 0.701333 0.044000 0.080889
0 0.321750 0.765333 0.059500 0.074667
0 0.285500 0.877111 0.068000 0.175556
0 0.318750 0.648222 0.035500 0.053778
0 0.364250 0.680667 0.017000 0.026222
0 0.420500 0.810000 0.070000 0.113333
0 0.431000 0.747111 0.076500 0.070222
0 0.481000 0.699778 0.049000 0.072444
0 0.488750 0.888889 0.054000 0.108444
0 0.531375 0.742444 0.040250 0.066222
0 0.398500 0.614222 0.077000 0.089778
0 0.492000 0.583556 0.012500 0.021333
0 0.505375 0.520222 0.046750 0.055556
0 0.469375 0.222444 0.028250 0.100000
0 0.482375 0.110222 0.062750 0.094222
0 0.513750 0.302889 0.037500 0.080444
0 0.553625 0.274667 0.035750 0.069333
0 0.561000 0.320000 0.023500 0.046222
0 0.573750 0.236889 0.041000 0.064889
0 0.596750 0.127111 0.026500 0.072889
0 0.586500 0.144000 0.015000 0.036444
0 0.560250 0.383111 0.030500 0.026667
0 0.600750 0.430000 0.033500 0.063556
0 0.604625 0.496000 0.051250 0.062222
0 0.662750 0.115778 0.021000 0.051111
0 0.671500 0.200444 0.056000 0.095111
0 0.627750 0.286444 0.049000 0.077778
0 0.706000 0.280222 0.047500 0.098222
0 0.685875 0.309111 0.031750 0.056444
0 0.663875 0.319111 0.034250 0.093333
0 0.659625 0.402889 0.073250 0.114222
0 0.666625 0.466444 0.047750 0.095556
0 0.654000 0.503111 0.030000 0.054222
0 0.724250 0.436222 0.039500 0.036000
0 0.558000 0.615778 0.063500 0.126667
0 0.569125 0.798222 0.036250 0.027556
0 0.646125 0.624444 0.040250 0.074667
0 0.700250 0.626222 0.042000 0.063111
0 0.652750 0.709111 0.022500 0.019111
0 0.600250 0.865556 0.068000 0.140889
0 0.647500 0.836667 0.054500 0.163111
0 0.770750 0.798444 0.029500 0.047556
0 0.823625 0.855333 0.037250 0.091111
0 0.847875 0.846444 0.011750 0.031556
0 0.890000 0.841556 0.046500 0.068000
0 0.940000 0.821556 0.041000 0.037778
0 0.906500 0.775111 0.041000 0.071111
0 0.798500 0.700000 0.064500 0.053333
0 0.838125 0.742667 0.036750 0.077333
0 0.848750 0.619333 0.083000 0.078667
0 0.896750 0.570667 0.046000 0.042667
0 0.758500 0.494889 0.079500 0.068000
0 0.824125 0.519333 0.035750 0.051111
0 0.914375 0.500000 0.057250 0.095111
0 0.947250 0.513556 0.043000 0.042222
0 0.807500 0.448444 0.040000 0.072889
0 0.854500 0.442667 0.048000 0.065778
0 0.806750 0.376889 0.096000 0.107556
0 0.942625 0.694222 0.025750 0.015111
0 0.740625 0.190667 0.056750 0.075556
0 0.785250 0.091111 0.062000 0.141333
0 0.855000 0.120444 0.091000 0.109333
0 0.920875 0.102444 0.088750 0.150667
0 0.929125 0.193333 0.038750 0.111111
0 0.820250 0.192000 0.033500 0.064000
0 0.776250 0.261556 0.069500 0.122222
0 0.845875 0.288444 0.038250 0.090667
0 0.890750 0.325111 0.046000 0.044000
0 0.944250 0.286667 0.075500 0.101333
0 0.940500 0.370222 0.107500 0.070222
0 0.952875 0.415778 0.056750 0.036000