0 0.132500 0.106889 0.049500 0.082222
0 0.188000 0.122222 0.028000 0.046222
0 0.091500 0.158000 0.027000 0.042222
0 0.096250 0.205778 0.042000 0.079111
0 0.131250 0.195333 0.063500 0.076000
0 0.154375 0.262222 0.110250 0.113778
0 0.192875 0.206222 0.029250 0.048000
0 0.155250 0.278889 0.036500 0.067111
0 0.065000 0.316444 0.064000 0.090667
0 0.072250 0.350889 0.055000 0.087556
0 0.142625 0.428889 0.021250 0.015111
0 0.224250 0.394667 0.064500 0.100444
0 0.243500 0.401556 0.018500 0.021778
0 0.041750 0.526667 0.080500 0.083556
0 0.139000 0.496667 0.036000 0.048444
0 0.238375 0.506889 0.039750 0.043111
0 0.279250 0.508444 0.042500 0.087111
0 0.272375 0.559778 0.038250 0.054667
0 0.097875 0.607333 0.057750 0.072444
0 0.168000 0.640444 0.061000 0.065778
0 0.227625 0.634222 0.048250 0.040889
0 0.262500 0.658667 0.051500 0.060444
0 0.280375 0.396444 0.060250 0.074667
0 0.082375 0.719333 0.028750 0.017333
0 0.098875 0.780667 0.049750 0.043111
0 0.175375 0.832000 0.026750 0.016889
0 0.225750 0.713333 0.044000 0.028444
0 0.356375 0.674222 0.011250 0.013333
0 0.368750 0.796000 0.026500 0.042667
0 0.406125 0.877333 0.035750 0.134222
0 0.457000 0.772889 0.017500 0.052444
0 0.504125 0.795778 0.020750 0.048444
0 0.569500 0.830667 0.012500 0.039111
0 0.464375 0.689778 0.028250 0.043556
0 0.523250 0.662444 0.027500 0.043111
0 0.373875 0.604444 0.025750 0.055111
0 0.403625 0.576889 0.033750 0.053333
0 0.449000 0.631778 0.021000 0.032444
0 0.464000 0.599556 0.025000 0.021333
0 0.461125 0.498444 0.013250 0.021778
0 0.340250 0.491556 0.036500 0.108444
0 0.380500 0.468000 0.042000 0.066667
0 0.250875 0.266444 0.034750 0.068000
0 0.268375 0.290000 0.068750 0.112444
0 0.306875 0.233778 0.023750 0.089778
0 0.357125 0.289556 0.039250 0.092000
0 0.399500 0.344444 0.013500 0.028444
0 0.359750 0.365778 0.057000 0.070222
0 0.423250 0.357333 0.038500 0.173333
0 0.415250 0.373111 0.010500 0.023556
0 0.504625 0.423111 0.033750 0.066667
0 0.499875 0.498444 0.073250 0.094667
0 0.308625 0.180667 0.010250 0.020889
0 0.348250 0.148889 0.018500 0.064000
0 0.397625 0.117111 0.037250 0.073333
0 0.373125 0.171333 0.027250 0.074222
0 0.386000 0.218667 0.047500 0.085333
0 0.460125 0.237556 0.054250 0.060889
0 0.536375 0.209333 0.032250 0.092444
0 0.519875 0.267556 0.033250 0.114667
0 0.579250 0.133778 0.030000 0.090667
0 0.606750 0.133333 0.035500 0.104000
0 0.658375 0.192222 0.082250 0.142667
0 0.687125 0.108000 0.054750 0.123556
0 0.725125 0.127778 0.048750 0.100000
0 0.743000 0.149111 0.042000 0.073333
0 0.718125 0.262222 0.038750 0.123556
0 0.628375 0.295333 0.018750 0.036889
0 0.680000 0.300222 0.015000 0.044000
0 0.599625 0.220222 0.030750 0.064444
0 0.581375 0.270889 0.036250 0.134667
0 0.569000 0.389333 0.044000 0.056889
0 0.609000 0.375556 0.041500 0.056889
0 0.590000 0.461556 0.074000 0.073333
0 0.587375 0.564222 0.043750 0.037778
0 0.581750 0.601111 0.063000 0.058222
0 0.604750 0.645778 0.041000 0.057778
0 0.645000 0.621778 0.045000 0.065778
0 0.595250 0.776222 0.037500 0.045778
0 0.632625 0.760667 0.031750 0.052000
0 0.685750 0.718889 0.022500 0.049333
0 0.642000 0.486667 0.047500 0.056000
0 0.678375 0.488000 0.030750 0.110222
0 0.670750 0.446444 0.062000 0.069778
0 0.663250 0.412222 0.024500 0.026222
0 0.750625 0.735111 0.059750 0.060444
0 0.753375 0.618667 0.057250 0.115556
0 0.795375 0.818444 0.110750 0.074222
0 0.810500 0.778667 0.042500 0.032889
0 0.840875 0.734889 0.043250 0.053778
0 0.917375 0.749333 0.075250 0.061333
0 0.923625 0.656889 0.055750 0.043556
0 0.827625 0.671111 0.074750 0.062222
0 0.857875 0.586444 0.067750 0.055556
0 0.932125 0.597556 0.060250 0.055556
0 0.735875 0.496667 0.043250 0.028889
0 0.750375 0.453111 0.070750 0.140889
0 0.818375 0.438667 0.057750 0.106667
0 0.898000 0.425111 0.054500 0.035111
0 0.867750 0.489556 0.075500 0.099111
0 0.899375 0.469778 0.060750 0.078222
0 0.840000 0.350667 0.039000 0.030222
0 0.797000 0.301778 0.064500 0.072889
0 0.762875 0.229333 0.062750 0.070222
0 0.782875 0.220222 0.051250 0.077778
0 0.832250 0.106667 0.043000 0.121778
0 0.895250 0.134667 0.078500 0.080889
0 0.849875 0.170222 0.050250 0.050667
0 0.846500 0.239556 0.080500 0.105778
0 0.936375 0.246000 0.124250 0.128444