0 0.054750 0.133778 0.079000 0.088889
0 0.067500 0.243778 0.050000 0.049333
0 0.043250 0.311778 0.082500 0.050222
0 0.088375 0.410222 0.090750 0.058667
0 0.120875 0.159778 0.035750 0.050222
0 0.114500 0.213111 0.023000 0.031556
0 0.141750 0.247111 0.075000 0.065778
0 0.221125 0.235333 0.016250 0.026222
0 0.224375 0.288667 0.032750 0.045778
0 0.228750 0.132667 0.046000 0.075111
0 0.110875 0.317556 0.050250 0.108000
0 0.150375 0.307111 0.057750 0.096000
0 0.186375 0.399556 0.027250 0.067556
0 0.227500 0.446667 0.030000 0.034667
0 0.264250 0.321778 0.028000 0.044444
0 0.295500 0.180667 0.010500 0.014667
0 0.307250 0.129556 0.052000 0.084889
0 0.361750 0.140667 0.039000 0.064444
0 0.387750 0.194000 0.023500 0.076889
0 0.342125 0.243333 0.023250 0.046667
0 0.332750 0.306222 0.040500 0.053333
0 0.323750 0.404000 0.022500 0.040000
0 0.305875 0.424889 0.013750 0.047111
0 0.380500 0.410444 0.027500 0.058222
0 0.394875 0.442889 0.016750 0.017333
0 0.325000 0.502889 0.024500 0.027111
0 0.033125 0.525556 0.065750 0.049333
0 0.034000 0.632667 0.067500 0.053778
0 0.116375 0.644000 0.024750 0.020444
0 0.120375 0.554444 0.031750 0.026222
0 0.177500 0.521111 0.016500 0.027111
0 0.204625 0.510000 0.043250 0.048444
0 0.239875 0.548222 0.072750 0.046667
0 0.287375 0.607556 0.021750 0.011556
0 0.308250 0.625111 0.016500 0.045778
0 0.326500 0.608889 0.029500 0.077333
0 0.279125 0.668444 0.020750 0.026667
0 0.212125 0.625778 0.028250 0.024889
0 0.223125 0.704667 0.033250 0.035111
0 0.225500 0.764444 0.016500 0.015111
0 0.173750 0.834889 0.023500 0.034222
0 0.160500 0.694222 0.036500 0.043556
0 0.146000 0.721111 0.049000 0.039556
0 0.116250 0.718667 0.023000 0.022222
0 0.327250 0.833333 0.013000 0.029333
0 0.401250 0.808444 0.007000 0.021333
0 0.424375 0.482667 0.028250 0.083556
0 0.378875 0.582222 0.031250 0.038222
0 0.387500 0.696667 0.036000 0.134667
0 0.448750 0.769111 0.030000 0.087556
0 0.442875 0.831111 0.028750 0.056889
0 0.480000 0.789333 0.010000 0.023111
0 0.510375 0.732667 0.022750 0.037778
0 0.528625 0.701111 0.038250 0.051111
0 0.566375 0.786000 0.020250 0.038667
0 0.442250 0.152444 0.013500 0.036444
0 0.482875 0.125556 0.049750 0.069778
0 0.514875 0.218889 0.037750 0.075111
0 0.453000 0.319111 0.051000 0.080000
0 0.484625 0.333778 0.020250 0.049778
0 0.573250 0.287778 0.034500 0.067111
0 0.519500 0.406667 0.026000 0.053333
0 0.576625 0.422000 0.022750 0.039556
0 0.498000 0.487333 0.058500 0.066222
0 0.436250 0.663333 0.036000 0.055556
0 0.458000 0.603333 0.013500 0.020889
0 0.490750 0.604667 0.034000 0.055556
0 0.561375 0.612889 0.037250 0.068444
0 0.562625 0.502222 0.033750 0.079111
0 0.614875 0.604444 0.027250 0.042667
0 0.615875 0.696444 0.019250 0.043556
0 0.626375 0.811556 0.024750 0.056889
0 0.675000 0.818667 0.021000 0.029333
0 0.657750 0.732000 0.023000 0.094222
0 0.616375 0.459111 0.061250 0.071111
0 0.590500 0.484000 0.010500 0.036444
0 0.610875 0.154444 0.015750 0.040444
0 0.656750 0.200667 0.016500 0.043111
0 0.724375 0.140444 0.060750 0.108444
0 0.760125 0.158222 0.017750 0.016000
0 0.708125 0.249556 0.034750 0.041333
0 0.665250 0.312222 0.037000 0.079556
0 0.705500 0.348444 0.020500 0.024889
0 0.663625 0.406000 0.036250 0.056444
0 0.708125 0.443556 0.040250 0.047111
0 0.680750 0.520000 0.072500 0.062222
0 0.735500 0.508000 0.037500 0.072000
0 0.728125 0.620889 0.026250 0.052444
0 0.753000 0.795333 0.052500 0.079556
0 0.779250 0.668222 0.049000 0.086667
0 0.835000 0.726444 0.070000 0.063556
0 0.867125 0.796889 0.046250 0.054222
0 0.840375 0.813333 0.070750 0.092444
0 0.872625 0.692222 0.060750 0.056444
0 0.849125 0.579111 0.059750 0.076444
0 0.899750 0.570000 0.082500 0.084889
0 0.894750 0.501778 0.061000 0.087111
0 0.782000 0.564889 0.051000 0.047111
0 0.790125 0.494889 0.051250 0.106222
0 0.840625 0.445556 0.047250 0.052889
0 0.872250 0.411333 0.022500 0.023556
0 0.751375 0.370889 0.070750 0.084889
0 0.777500 0.412444 0.052000 0.051556
0 0.789750 0.334222 0.033000 0.042667
0 0.825250 0.336667 0.042000 0.052889
0 0.769375 0.261333 0.046250 0.047111
0 0.784125 0.229556 0.044750 0.062667
0 0.837875 0.107333 0.068750 0.121333
0 0.896250 0.098444 0.095000 0.141778
0 0.868625 0.222222 0.031750 0.049778
0 0.826750 0.240667 0.028000 0.066222
0 0.808375 0.275778 0.028750 0.068000