0 0.096000 0.149111 0.031500 0.049333
0 0.153250 0.148000 0.038000 0.057778
0 0.060500 0.209111 0.074500 0.077778
0 0.063750 0.246444 0.047000 0.085778
0 0.159750 0.093778 0.072000 0.078222
0 0.203875 0.100444 0.032250 0.063111
0 0.182750 0.220222 0.042000 0.051111
0 0.186375 0.261333 0.045750 0.054222
0 0.230875 0.223333 0.043750 0.057333
0 0.112125 0.239333 0.058750 0.111556
0 0.112750 0.310222 0.059000 0.072000
0 0.049250 0.363556 0.067500 0.060444
0 0.172500 0.407778 0.027000 0.023556
0 0.171750 0.452222 0.046500 0.041333
0 0.239750 0.380667 0.041500 0.065333
0 0.228000 0.416889 0.028500 0.031111
0 0.265125 0.123556 0.023250 0.064000
0 0.288500 0.103333 0.060500 0.084889
0 0.322250 0.323333 0.050000 0.138222
0 0.067500 0.584222 0.036000 0.021778
0 0.109125 0.533111 0.046250 0.044000
0 0.120625 0.567556 0.059750 0.044444
0 0.135750 0.553333 0.025500 0.065778
0 0.186625 0.560000 0.030750 0.028444
0 0.141625 0.682222 0.017750 0.021333
0 0.170875 0.704000 0.029750 0.026667
0 0.232000 0.682889 0.024500 0.029778
0 0.261250 0.634222 0.008500 0.016889
0 0.295625 0.693778 0.012750 0.019556
0 0.302625 0.742889 0.011250 0.012889
0 0.340375 0.756444 0.007750 0.014222
0 0.337250 0.658889 0.024500 0.039556
0 0.352625 0.687333 0.019250 0.028889
0 0.405125 0.772444 0.010750 0.024000
0 0.415750 0.668889 0.019000 0.031111
0 0.338750 0.572889 0.030000 0.040889
0 0.289250 0.595556 0.030500 0.038222
0 0.230750 0.576889 0.045500 0.055111
0 0.235000 0.485111 0.036500 0.050222
0 0.291125 0.481778 0.019250 0.046222
0 0.325500 0.445556 0.028000 0.034222
0 0.392375 0.471111 0.023750 0.032889
0 0.393125 0.438667 0.015750 0.026667
0 0.445750 0.482222 0.056000 0.069333
0 0.484500 0.464222 0.037500 0.057333
0 0.446500 0.561556 0.022500 0.028000
0 0.429125 0.605778 0.046250 0.057778
0 0.457375 0.677778 0.022250 0.040889
0 0.454875 0.752444 0.007750 0.011556
0 0.511875 0.750444 0.013250 0.023556
0 0.514125 0.656222 0.018250 0.039556
0 0.345500 0.079778 0.047500 0.084000
0 0.355625 0.151778 0.036750 0.117778
0 0.422000 0.263111 0.027500 0.075556
0 0.443250 0.182000 0.028000 0.039556
0 0.452625 0.237556 0.058250 0.099111
0 0.519625 0.252444 0.016250 0.053333
0 0.455625 0.080889 0.063750 0.096000
0 0.506875 0.074667 0.026750 0.101333
0 0.502375 0.154000 0.068750 0.086667
0 0.556500 0.090889 0.051000 0.108000
0 0.565000 0.159556 0.035000 0.064000
0 0.453000 0.372222 0.033500 0.074222
0 0.584625 0.711111 0.011750 0.020444
0 0.587000 0.681778 0.018500 0.032889
0 0.550250 0.583556 0.032000 0.038222
0 0.561250 0.562667 0.028000 0.035556
0 0.622125 0.582444 0.010750 0.017333
0 0.661125 0.670222 0.030250 0.055111
0 0.585875 0.304889 0.034250 0.120000
0 0.595750 0.374444 0.018500 0.032444
0 0.555000 0.416444 0.023000 0.035556
0 0.619625 0.114000 0.058250 0.121333
0 0.634125 0.072667 0.071750 0.117778
0 0.671750 0.106000 0.040500 0.059111
0 0.628000 0.290889 0.030000 0.103556
0 0.712125 0.176000 0.056750 0.125333
0 0.650625 0.357556 0.033750 0.084000
0 0.623750 0.462889 0.020500 0.036889
0 0.652125 0.432889 0.028750 0.065778
0 0.710375 0.439778 0.049250 0.087556
0 0.629750 0.495556 0.025000 0.025778
0 0.622375 0.520667 0.022250 0.052889
0 0.704875 0.753333 0.030250 0.037333
0 0.702875 0.665778 0.025250 0.045333
0 0.748250 0.538444 0.034000 0.037778
0 0.757250 0.596222 0.039000 0.066222
0 0.751500 0.662000 0.046500 0.092889
0 0.756250 0.710000 0.024500 0.020889
0 0.806625 0.732222 0.012250 0.025333
0 0.754750 0.469556 0.033500 0.068889
0 0.753750 0.190444 0.058000 0.120444
0 0.787125 0.149333 0.017250 0.036444
0 0.760375 0.314222 0.065250 0.081778
0 0.773125 0.350000 0.014250 0.043111
0 0.813125 0.052667 0.082750 0.104444
0 0.836000 0.114222 0.043000 0.059556
0 0.885500 0.114667 0.025500 0.035556
0 0.798250 0.180889 0.051500 0.149333
0 0.833625 0.253778 0.045250 0.046222
0 0.886750 0.232667 0.039500 0.060889
0 0.922500 0.154889 0.068500 0.097333
0 0.866375 0.308222 0.075750 0.084000
0 0.909000 0.334889 0.058000 0.058222
0 0.811375 0.384444 0.045750 0.093333
0 0.854000 0.444222 0.099500 0.073333
0 0.896625 0.465333 0.065250 0.071111
0 0.955000 0.444667 0.090000 0.092000
0 0.840500 0.521556 0.030500 0.027111
0 0.809000 0.593333 0.060000 0.056889
0 0.847750 0.585778 0.073500 0.114667
0 0.924875 0.616000 0.034250 0.032889
0 0.909375 0.723333 0.010750 0.017333
0 0.849875 0.750444 0.037750 0.057333