0 0.051000 0.201333 0.082500 0.093333
0 0.135500 0.139556 0.014000 0.021333
0 0.133375 0.242889 0.019750 0.019111
0 0.055500 0.270889 0.051000 0.045778
0 0.183875 0.130889 0.037250 0.076889
0 0.231875 0.138667 0.055750 0.120000
0 0.227375 0.208889 0.053750 0.148444
0 0.186375 0.245111 0.054250 0.069778
0 0.072000 0.348222 0.058000 0.088444
0 0.099750 0.355111 0.080500 0.066667
0 0.179375 0.348222 0.048750 0.041333
0 0.048375 0.436000 0.064250 0.096889
0 0.102125 0.434667 0.070750 0.090667
0 0.240000 0.342889 0.028500 0.089333
0 0.270375 0.352222 0.056250 0.061778
0 0.310750 0.148000 0.066000 0.092444
0 0.298625 0.181333 0.040750 0.096000
0 0.349875 0.232444 0.028250 0.081778
0 0.406000 0.255333 0.007000 0.023556
0 0.366250 0.129778 0.044000 0.074667
0 0.174125 0.464444 0.019750 0.012444
0 0.342250 0.341556 0.014000 0.023556
0 0.415125 0.334444 0.018250 0.036000
0 0.297000 0.432889 0.025000 0.056000
0 0.226125 0.498444 0.040250 0.046667
0 0.300750 0.509111 0.025000 0.021778
0 0.275500 0.556000 0.032000 0.068444
0 0.411625 0.485556 0.029250 0.036889
0 0.412750 0.538444 0.023000 0.051111
0 0.463125 0.531111 0.063750 0.076444
0 0.383625 0.655333 0.055750 0.070667
0 0.442625 0.674444 0.047750 0.062667
0 0.394125 0.714000 0.021750 0.022667
0 0.453625 0.737111 0.016250 0.028000
0 0.473750 0.803111 0.012000 0.013333
0 0.313500 0.763333 0.039000 0.061778
0 0.138500 0.665556 0.038000 0.033333
0 0.198250 0.660889 0.032000 0.032889
0 0.239875 0.625778 0.034250 0.080000
0 0.275500 0.663333 0.053500 0.052889
0 0.053750 0.714667 0.055500 0.070222
0 0.073875 0.844667 0.030750 0.022667
0 0.206625 0.763556 0.063250 0.069333
0 0.234500 0.853333 0.032500 0.029333
0 0.289375 0.678000 0.028750 0.028889
0 0.529750 0.830222 0.021500 0.047111
0 0.520500 0.673556 0.038500 0.100000
0 0.547000 0.500222 0.022500 0.036000
0 0.440250 0.159556 0.021000 0.052444
0 0.453125 0.088889 0.034250 0.108444
0 0.471250 0.208222 0.038000 0.130222
0 0.499375 0.228000 0.024250 0.056889
0 0.528250 0.193778 0.028500 0.098667
0 0.496875 0.285333 0.047250 0.101333
0 0.550375 0.421333 0.057750 0.120889
0 0.583875 0.119556 0.049250 0.076444
0 0.619250 0.138667 0.039500 0.084444
0 0.641375 0.242889 0.035250 0.039556
0 0.575500 0.222000 0.070000 0.072444
0 0.591000 0.308444 0.035500 0.079111
0 0.634625 0.382889 0.025250 0.049333
0 0.604125 0.443778 0.024750 0.044000
0 0.613500 0.532667 0.026500 0.048444
0 0.653250 0.636222 0.046500 0.097333
0 0.610750 0.848444 0.026000 0.080889
0 0.643625 0.829556 0.032750 0.022667
0 0.632000 0.764222 0.039500 0.061778
0 0.684750 0.711556 0.039000 0.046222
0 0.695875 0.836889 0.018250 0.034667
0 0.756250 0.723333 0.043500 0.041333
0 0.804000 0.727778 0.028000 0.039556
0 0.738500 0.654444 0.072000 0.087556
0 0.719375 0.574000 0.050250 0.060000
0 0.681375 0.185333 0.040250 0.096000
0 0.694250 0.287111 0.045500 0.061333
0 0.722000 0.411333 0.054000 0.116889
0 0.758500 0.079111 0.058500 0.157333
0 0.814000 0.117778 0.076000 0.079111
0 0.781250 0.204000 0.068500 0.128889
0 0.822500 0.206667 0.053500 0.094222
0 0.763625 0.294444 0.076250 0.058222
0 0.776250 0.388222 0.059500 0.067111
0 0.812500 0.377333 0.038500 0.085333
0 0.880000 0.357333 0.053000 0.064000
0 0.876500 0.099556 0.038000 0.088889
0 0.927250 0.100889 0.048000 0.070222
0 0.945875 0.112000 0.091750 0.167111
0 0.935250 0.337778 0.031000 0.047111
0 0.949375 0.403778 0.065750 0.067111
0 0.907875 0.455556 0.083750 0.071111
0 0.884875 0.482667 0.084750 0.067556
0 0.941250 0.511556 0.068000 0.057778
0 0.835125 0.494889 0.064750 0.086667
0 0.780375 0.528889 0.036250 0.044444
0 0.784375 0.612889 0.032750 0.032889
0 0.821500 0.624889 0.034000 0.031111
0 0.872750 0.663556 0.048500 0.047111
0 0.923625 0.648222 0.032750 0.027111
0 0.869750 0.698889 0.032000 0.044889
0 0.821750 0.816444 0.009000 0.015111