0 0.047125 0.077111 0.083250 0.116889
0 0.042250 0.237111 0.084000 0.065333
0 0.035375 0.388667 0.070250 0.055556
0 0.044375 0.480444 0.088250 0.049778
0 0.105375 0.414667 0.044750 0.024889
0 0.106875 0.484889 0.049250 0.064889
0 0.148875 0.116000 0.032250 0.040889
0 0.145625 0.203778 0.040750 0.044889
0 0.176625 0.333333 0.044250 0.027556
0 0.149875 0.374889 0.047250 0.044889
0 0.172625 0.468222 0.037750 0.048444
0 0.230875 0.098000 0.029750 0.047556
0 0.219500 0.192444 0.015000 0.030222
0 0.270000 0.216667 0.052000 0.057333
0 0.250250 0.439778 0.052000 0.075111
0 0.247000 0.507111 0.038500 0.051556
0 0.288750 0.149556 0.035000 0.051111
0 0.316625 0.122000 0.034250 0.082222
0 0.328625 0.199778 0.039750 0.046667
0 0.311625 0.277778 0.055750 0.118222
0 0.308125 0.322000 0.053750 0.051111
0 0.317875 0.370444 0.036750 0.068000
0 0.380625 0.500889 0.053250 0.052444
0 0.369000 0.190000 0.042500 0.108000
0 0.368625 0.295556 0.066250 0.061333
0 0.033875 0.624444 0.067250 0.061333
0 0.145125 0.606889 0.077750 0.069778
0 0.146375 0.734444 0.129750 0.107111
0 0.060125 0.796889 0.023750 0.017778
0 0.187125 0.810222 0.058250 0.077333
0 0.307875 0.754222 0.036250 0.055111
0 0.371875 0.817556 0.051250 0.033333
0 0.397500 0.783556 0.016000 0.040000
0 0.360875 0.621111 0.069250 0.064444
0 0.375375 0.677333 0.030750 0.032000
0 0.413375 0.617111 0.047250 0.083111
0 0.423875 0.070000 0.061750 0.139111
0 0.468500 0.188444 0.039500 0.069333
0 0.500125 0.158222 0.029750 0.098667
0 0.439250 0.258222 0.069500 0.096000
0 0.427500 0.403778 0.049000 0.074222
0 0.421625 0.455556 0.033750 0.044444
0 0.463375 0.371111 0.046750 0.111111
0 0.494250 0.387333 0.022000 0.058222
0 0.511250 0.287333 0.029000 0.054667
0 0.538750 0.268889 0.104000 0.076444
0 0.548875 0.115556 0.024750 0.088889
0 0.542250 0.372667 0.032000 0.111556
0 0.505125 0.459333 0.030250 0.060889
0 0.481250 0.598889 0.030000 0.044889
0 0.462500 0.694444 0.022000 0.036889
0 0.482250 0.724000 0.025000 0.048889
0 0.549500 0.780889 0.046000 0.073778
0 0.585500 0.717111 0.047500 0.063556
0 0.662375 0.779111 0.022250 0.032000
0 0.686125 0.810889 0.029250 0.060000
0 0.655375 0.689556 0.018250 0.033333
0 0.538750 0.592889 0.066500 0.078222
0 0.619375 0.584889 0.011750 0.025778
0 0.619625 0.382222 0.015250 0.025778
0 0.665375 0.475556 0.024250 0.034667
0 0.647125 0.545556 0.051750 0.068889
0 0.611375 0.093333 0.041250 0.120000
0 0.611750 0.201778 0.044000 0.062222
0 0.633250 0.298000 0.034500 0.058222
0 0.672625 0.367333 0.013250 0.048444
0 0.685875 0.075778 0.054250 0.150667
0 0.774500 0.054222 0.074000 0.107556
0 0.822250 0.118000 0.011500 0.028889
0 0.804750 0.175333 0.042000 0.052889
0 0.718625 0.203778 0.028750 0.052889
0 0.705875 0.302222 0.034250 0.057778
0 0.748250 0.255111 0.040000 0.116444
0 0.694875 0.554889 0.040250 0.055556
0 0.721875 0.524667 0.040250 0.067111
0 0.810000 0.391333 0.043000 0.045778
0 0.725875 0.702667 0.034250 0.064000
0 0.789000 0.768667 0.040500 0.093778
0 0.760750 0.794667 0.049000 0.056000
0 0.815375 0.840667 0.059750 0.064444
0 0.863125 0.876889 0.041250 0.074667
0 0.930375 0.841333 0.061750 0.117333
0 0.841875 0.596222 0.053750 0.069778
0 0.877125 0.612444 0.068750 0.060444
0 0.829125 0.671778 0.013250 0.015556
0 0.880750 0.648889 0.069000 0.053333
0 0.940375 0.598667 0.086750 0.158222
0 0.857625 0.484444 0.083750 0.128889
0 0.939125 0.414889 0.086250 0.102667
0 0.846875 0.357111 0.053750 0.069778
0 0.856250 0.286222 0.070000 0.071111
0 0.913750 0.261111 0.050000 0.117778
0 0.890125 0.080889 0.045750 0.073778