0 0.050875 0.180667 0.074750 0.102667
0 0.060125 0.267556 0.072250 0.093333
0 0.116125 0.250444 0.035250 0.091111
0 0.153375 0.163556 0.045750 0.102222
0 0.182125 0.221556 0.045750 0.052000
0 0.194625 0.121556 0.019750 0.058222
0 0.245125 0.133111 0.031750 0.076889
0 0.242125 0.213111 0.032250 0.057333
0 0.230625 0.273333 0.052250 0.104000
0 0.289875 0.238000 0.037250 0.121333
0 0.278000 0.279556 0.038500 0.063111
0 0.321625 0.114222 0.022250 0.071111
0 0.383875 0.091333 0.021750 0.079556
0 0.163750 0.314222 0.052000 0.047111
0 0.250375 0.366222 0.100750 0.099556
0 0.344375 0.379111 0.055250 0.066667
0 0.177875 0.416889 0.020750 0.027556
0 0.061750 0.520222 0.050500 0.064444
0 0.110875 0.517778 0.042250 0.030222
0 0.167250 0.553333 0.052000 0.096889
0 0.238500 0.440667 0.059500 0.053778
0 0.272875 0.499333 0.026250 0.026222
0 0.299875 0.490667 0.027750 0.040000
0 0.407500 0.415333 0.029500 0.046667
0 0.405125 0.479333 0.034750 0.092889
0 0.447250 0.456000 0.037000 0.078222
0 0.440375 0.178889 0.029750 0.072444
0 0.470125 0.052889 0.044750 0.104889
0 0.461000 0.112000 0.038000 0.049778
0 0.472125 0.170889 0.044250 0.103556
0 0.538500 0.098889 0.023500 0.041333
0 0.527875 0.132889 0.033750 0.072889
0 0.584875 0.114667 0.020250 0.049778
0 0.587250 0.182667 0.021500 0.088889
0 0.539125 0.218222 0.029750 0.115556
0 0.488375 0.327333 0.037250 0.098222
0 0.492375 0.273556 0.027750 0.097333
0 0.510375 0.338000 0.041250 0.129333
0 0.557500 0.354000 0.027000 0.067111
0 0.542250 0.466000 0.067000 0.074222
0 0.545250 0.540889 0.040000 0.090667
0 0.443250 0.521778 0.028000 0.040000
0 0.414250 0.602444 0.035500 0.099111
0 0.342750 0.531556 0.013000 0.015111
0 0.301250 0.593778 0.018000 0.016000
0 0.331625 0.628222 0.051750 0.058222
0 0.049000 0.599778 0.045500 0.033333
0 0.084500 0.661111 0.067000 0.077778
0 0.039500 0.717556 0.068500 0.051111
0 0.056500 0.789333 0.107500 0.069333
0 0.078750 0.735556 0.083000 0.093333
0 0.086375 0.842000 0.079250 0.110667
0 0.122875 0.770222 0.073750 0.100444
0 0.184625 0.790444 0.077250 0.156889
0 0.204000 0.679778 0.063000 0.061778
0 0.279125 0.722000 0.039750 0.140889
0 0.348875 0.744222 0.041750 0.086667
0 0.365375 0.815778 0.027250 0.055556
0 0.401000 0.722000 0.036000 0.075111
0 0.466625 0.600889 0.038250 0.082667
0 0.491625 0.720667 0.053250 0.092889
0 0.481625 0.821778 0.079750 0.097778
0 0.545625 0.824667 0.020250 0.053778
0 0.588875 0.804444 0.034250 0.033778
0 0.516000 0.757111 0.037500 0.069778
0 0.552125 0.744444 0.041750 0.080889
0 0.547625 0.636444 0.021750 0.036444
0 0.584250 0.582444 0.023000 0.039556
0 0.608250 0.614000 0.042500 0.076889
0 0.600250 0.471556 0.038500 0.073778
0 0.595500 0.528667 0.050000 0.059111
0 0.655500 0.606667 0.039500 0.052444
0 0.636000 0.760889 0.037000 0.059556
0 0.667750 0.711111 0.057000 0.062222
0 0.707625 0.688444 0.050750 0.080000
0 0.755000 0.669778 0.030500 0.044444
0 0.748625 0.818000 0.038750 0.072444
0 0.779875 0.787333 0.057750 0.077778
0 0.706250 0.548222 0.039000 0.073333
0 0.707625 0.592444 0.032750 0.055111
0 0.780875 0.630889 0.047250 0.055556
0 0.718875 0.494000 0.042250 0.046667
0 0.665625 0.451333 0.039250 0.103556
0 0.711625 0.466222 0.074250 0.072000
0 0.645750 0.400889 0.053500 0.051556
0 0.649875 0.352444 0.042750 0.068444
0 0.732875 0.396667 0.065250 0.067111
0 0.636750 0.110444 0.027000 0.059111
0 0.617250 0.290222 0.046500 0.072889
0 0.644375 0.224000 0.034250 0.119111
0 0.660000 0.236222 0.039500 0.097333
0 0.709125 0.064667 0.069250 0.128444
0 0.734250 0.103556 0.014500 0.029333
0 0.702625 0.186889 0.039250 0.082222
0 0.803250 0.129556 0.057500 0.081333
0 0.820000 0.139333 0.061500 0.156000
0 0.712625 0.338667 0.058250 0.116444
0 0.724000 0.295111 0.078000 0.099556
0 0.760625 0.215778 0.066750 0.074222
0 0.776000 0.236667 0.053000 0.052000
0 0.816000 0.326222 0.044500 0.036444
0 0.831875 0.353556 0.088250 0.084000
0 0.817000 0.505333 0.039500 0.032889
0 0.887250 0.488667 0.048000 0.052889
0 0.937000 0.463556 0.055500 0.050667
0 0.902750 0.070222 0.064000 0.114667
0 0.870875 0.136667 0.064250 0.045778
0 0.873750 0.192000 0.056500 0.079111
0 0.918375 0.251556 0.040750 0.021333
0 0.932500 0.231333 0.078000 0.125778
0 0.879500 0.372667 0.042500 0.056444
0 0.909625 0.345111 0.048750 0.060889
0 0.958125 0.324667 0.083750 0.118667
0 0.835625 0.557556 0.042250 0.065333
0 0.892500 0.576889 0.066000 0.054222
0 0.959875 0.569333 0.080250 0.116444
0 0.809500 0.733778 0.061500 0.088889
0 0.872000 0.725111 0.117500 0.076889
0 0.927125 0.826222 0.130750 0.131556
0 0.957750 0.735111 0.084500 0.079111
0 0.864625 0.676000 0.022250 0.016889