0 0.047125 0.100444 0.093750 0.115556
0 0.046875 0.173778 0.093250 0.098667
0 0.093000 0.257778 0.024500 0.041778
0 0.139875 0.114889 0.026750 0.044000
0 0.127750 0.188667 0.048000 0.076000
0 0.118750 0.391556 0.044500 0.042667
0 0.061000 0.484889 0.054000 0.053333
0 0.055625 0.580667 0.047250 0.062667
0 0.203375 0.462667 0.027750 0.036444
0 0.187375 0.422222 0.034750 0.033778
0 0.178875 0.584667 0.039750 0.020000
0 0.180375 0.298000 0.056750 0.073333
0 0.252750 0.329111 0.053500 0.078667
0 0.264250 0.387111 0.019000 0.038222
0 0.261125 0.446000 0.049250 0.068000
0 0.296875 0.463778 0.024250 0.033333
0 0.203875 0.143556 0.032750 0.060444
0 0.207375 0.106000 0.033250 0.049333
0 0.232750 0.108222 0.035500 0.035111
0 0.290375 0.161556 0.077750 0.087556
0 0.264625 0.192889 0.032750 0.044444
0 0.330375 0.108889 0.014750 0.054222
0 0.333750 0.278222 0.009000 0.024889
0 0.323375 0.370222 0.032250 0.063111
0 0.406000 0.107778 0.028500 0.076000
0 0.426750 0.107111 0.013500 0.067556
0 0.368250 0.354444 0.039500 0.085778
0 0.374625 0.282667 0.036750 0.101333
0 0.059875 0.766667 0.059750 0.122667
0 0.116625 0.700000 0.048250 0.044444
0 0.099250 0.807111 0.090000 0.129778
0 0.188250 0.789556 0.040000 0.060889
0 0.296000 0.828889 0.066000 0.086222
0 0.303625 0.646000 0.045750 0.085778
0 0.327250 0.582444 0.025000 0.014667
0 0.376250 0.566889 0.030000 0.076000
0 0.382500 0.739778 0.057000 0.080444
0 0.426125 0.744889 0.018250 0.029333
0 0.420625 0.638222 0.037750 0.032000
0 0.442875 0.686000 0.045750 0.070667
0 0.419875 0.558222 0.018750 0.041778
0 0.480250 0.157333 0.031500 0.093333
0 0.443375 0.249111 0.025750 0.073333
0 0.484750 0.269778 0.028500 0.053333
0 0.465375 0.359111 0.055750 0.075556
0 0.480500 0.551556 0.017000 0.025778
0 0.523875 0.545778 0.018250 0.034667
0 0.477000 0.456444 0.053500 0.096000
0 0.557750 0.353556 0.047000 0.068889
0 0.530500 0.208444 0.009000 0.018667
0 0.547125 0.239556 0.019750 0.056889
0 0.594625 0.051778 0.048750 0.093778
0 0.612125 0.188444 0.037750 0.055111
0 0.598875 0.348000 0.028750 0.066667
0 0.577875 0.435778 0.060250 0.078667
0 0.622375 0.472000 0.042750 0.064889
0 0.554125 0.643111 0.021250 0.032000
0 0.575125 0.587778 0.029750 0.063556
0 0.504750 0.720444 0.017000 0.021333
0 0.509000 0.777778 0.026000 0.051556
0 0.542625 0.762889 0.044750 0.076000
0 0.643750 0.675111 0.035000 0.081778
0 0.679000 0.765556 0.034500 0.063556
0 0.730250 0.791333 0.037000 0.074222
0 0.766875 0.799778 0.022750 0.052889
0 0.673625 0.585556 0.050750 0.062667
0 0.747000 0.566667 0.076000 0.055111
0 0.743250 0.622444 0.066500 0.075111
0 0.783125 0.638222 0.066250 0.056889
0 0.855875 0.679111 0.055250 0.070222
0 0.869500 0.738667 0.071000 0.061333
0 0.901500 0.657333 0.081000 0.090667
0 0.964625 0.613111 0.027750 0.026222
0 0.962750 0.695111 0.074500 0.056000
0 0.947000 0.736889 0.106000 0.075556
0 0.655375 0.379111 0.026750 0.021333
0 0.676250 0.439111 0.045000 0.053333
0 0.721750 0.463778 0.063000 0.064444
0 0.824125 0.528000 0.053750 0.041778
0 0.889750 0.534889 0.056500 0.060000
0 0.717500 0.364667 0.066000 0.052889
0 0.769250 0.371111 0.038000 0.056889
0 0.802375 0.423778 0.072750 0.047556
0 0.847625 0.401333 0.042750 0.051556
0 0.830000 0.319333 0.040500 0.072444
0 0.864750 0.357111 0.039500 0.038667
0 0.914500 0.402889 0.087500 0.067111
0 0.951500 0.416222 0.045500 0.052000
0 0.670875 0.268667 0.039750 0.055556
0 0.703000 0.169111 0.035500 0.071556
0 0.693250 0.090667 0.044500 0.076444
0 0.724500 0.050889 0.048500 0.100889
0 0.752750 0.113333 0.045000 0.076444
0 0.813875 0.152000 0.042250 0.035556
0 0.827125 0.168222 0.009750 0.012889
0 0.786750 0.122889 0.014500 0.025333
0 0.752000 0.173111 0.043000 0.044889
0 0.770750 0.209333 0.076500 0.097778
0 0.955375 0.186889 0.075750 0.099111