0 0.231778 0.034375 0.017333 0.040750
0 0.313111 0.054250 0.022667 0.025500
0 0.506667 0.041000 0.052444 0.060500
0 0.654000 0.047750 0.044889 0.051500
0 0.285556 0.099250 0.014667 0.020000
0 0.501778 0.111625 0.015111 0.014250
0 0.582222 0.117750 0.016000 0.013500
0 0.768222 0.126125 0.011111 0.013250
0 0.198222 0.180750 0.031111 0.037500
0 0.253111 0.149500 0.022667 0.028000
0 0.274444 0.175125 0.042222 0.042250
0 0.392444 0.143875 0.022222 0.031750
0 0.392444 0.171500 0.013333 0.023000
0 0.512667 0.144625 0.023556 0.052750
0 0.458889 0.192125 0.012000 0.019750
0 0.512667 0.203500 0.016444 0.030500
0 0.611333 0.182625 0.050222 0.061250
0 0.606444 0.179750 0.036000 0.031000
0 0.721333 0.197375 0.061333 0.056750
0 0.738889 0.207750 0.016444 0.018500
0 0.772000 0.160500 0.037333 0.039000
0 0.793333 0.256125 0.022222 0.014750
0 0.709778 0.260500 0.043556 0.039500
0 0.162667 0.259375 0.030222 0.029750
0 0.215111 0.259000 0.045333 0.040500
0 0.298222 0.250375 0.028444 0.027250
0 0.265111 0.288000 0.025333 0.028000
0 0.410000 0.269375 0.012000 0.013750
0 0.394222 0.301625 0.012444 0.013750
0 0.164667 0.316125 0.013778 0.011750
0 0.167333 0.354875 0.018222 0.012250
0 0.251556 0.344500 0.040889 0.035000
0 0.307778 0.360625 0.010222 0.012250
0 0.361556 0.350125 0.019111 0.023250
0 0.476667 0.275375 0.012000 0.014250
0 0.499556 0.319125 0.015111 0.012250
0 0.607111 0.288625 0.065778 0.058750
0 0.599556 0.313000 0.029333 0.021500
0 0.700889 0.324250 0.016000 0.015500
0 0.766444 0.322125 0.029778 0.018750
0 0.878222 0.281500 0.024889 0.015000
0 0.587778 0.356375 0.020000 0.022250
0 0.630444 0.380000 0.020889 0.015000
0 0.794444 0.381125 0.024444 0.013250
0 0.155556 0.401375 0.048889 0.027750
0 0.281556 0.403500 0.021778 0.024000
0 0.389556 0.412750 0.020889 0.020500
0 0.544889 0.432500 0.013333 0.009000
0 0.661778 0.422125 0.018667 0.010750
0 0.790222 0.433250 0.019556 0.012500
0 0.780889 0.465875 0.022222 0.012750
0 0.692222 0.471250 0.044889 0.029000
0 0.567111 0.486125 0.016000 0.013250
0 0.406000 0.479500 0.052889 0.041000
0 0.476667 0.489125 0.008444 0.008250
0 0.282222 0.495375 0.020444 0.010750
0 0.184444 0.488250 0.031111 0.024000
0 0.145778 0.547125 0.052444 0.017750
0 0.250889 0.521625 0.043111 0.013250
0 0.358889 0.538750 0.056444 0.034000
0 0.438889 0.541125 0.026222 0.015750
0 0.180222 0.606500 0.032444 0.012500
0 0.255778 0.598125 0.050222 0.027250
0 0.336889 0.578500 0.046222 0.024500
0 0.700000 0.528625 0.040000 0.011750
0 0.769111 0.542125 0.019111 0.007750
0 0.685778 0.593000 0.049778 0.022000
0 0.735333 0.616375 0.014667 0.011750
0 0.624889 0.612500 0.068444 0.027000
0 0.495556 0.617750 0.036444 0.025500
0 0.295556 0.651375 0.016000 0.011250
0 0.119333 0.679000 0.100889 0.028500
0 0.130444 0.725375 0.048444 0.019250
0 0.354889 0.647000 0.060889 0.018500
0 0.478444 0.665500 0.059111 0.038500
0 0.466222 0.716625 0.052444 0.038250
0 0.602444 0.663875 0.019111 0.010750
0 0.689111 0.659125 0.032444 0.015750
0 0.871778 0.722250 0.018222 0.010000
0 0.716222 0.729625 0.061778 0.032250
0 0.584667 0.708625 0.020000 0.012750
0 0.278667 0.843625 0.016000 0.014250
0 0.345333 0.859375 0.047111 0.043250
0 0.661333 0.804500 0.044444 0.038000
0 0.767333 0.790750 0.017333 0.014000
0 0.672000 0.770500 0.028444 0.021500
0 0.684000 0.932375 0.054222 0.035250
0 0.340889 0.908500 0.016000 0.014500