0 0.187111 0.033000 0.048889 0.065500
0 0.113111 0.047375 0.031556 0.036750
0 0.207556 0.127250 0.057778 0.058500
0 0.369111 0.124000 0.050222 0.070500
0 0.350444 0.022500 0.045778 0.044500
0 0.406000 0.028000 0.063556 0.055500
0 0.524444 0.021875 0.050667 0.043250
0 0.722222 0.029125 0.050667 0.057750
0 0.798667 0.041375 0.030222 0.034250
0 0.720000 0.069125 0.056889 0.069750
0 0.618889 0.056000 0.051111 0.111500
0 0.529778 0.070000 0.126222 0.095500
0 0.131111 0.165500 0.051556 0.037500
0 0.319333 0.192375 0.039556 0.038750
0 0.161556 0.206250 0.121333 0.048000
0 0.074889 0.197750 0.079556 0.046500
0 0.806000 0.102250 0.012000 0.014000
0 0.872444 0.169375 0.077333 0.034750
0 0.831556 0.161625 0.080000 0.105750
0 0.664889 0.148625 0.048000 0.035750
0 0.640889 0.123750 0.068444 0.094500
0 0.524000 0.186875 0.034667 0.036750
0 0.462000 0.145625 0.044000 0.040250
0 0.443778 0.181375 0.057333 0.059750
0 0.757111 0.224625 0.068889 0.080750
0 0.648000 0.226625 0.097778 0.080750
0 0.851333 0.259500 0.124000 0.054500
0 0.594667 0.237125 0.040889 0.048250
0 0.511778 0.238625 0.048444 0.050750
0 0.389556 0.247375 0.062667 0.041750
0 0.141556 0.249500 0.063556 0.043500
0 0.225556 0.276000 0.042222 0.024500
0 0.786889 0.331125 0.049333 0.028250
0 0.605333 0.331375 0.120889 0.034750
0 0.529778 0.296375 0.044444 0.060250
0 0.422889 0.324250 0.010222 0.006500
0 0.355778 0.317750 0.042222 0.021000
0 0.281778 0.307875 0.065778 0.043750
0 0.128000 0.318750 0.088000 0.031000
0 0.162000 0.376250 0.018222 0.017000
0 0.156222 0.448125 0.014667 0.009250
0 0.108889 0.427375 0.058667 0.025750
0 0.234222 0.383625 0.040889 0.031750
0 0.442222 0.388500 0.034667 0.019000
0 0.536000 0.405125 0.055111 0.040750
0 0.664222 0.436500 0.108000 0.049000
0 0.774222 0.434625 0.074667 0.026750
0 0.881333 0.489250 0.113778 0.070500
0 0.749778 0.492250 0.072000 0.056500
0 0.616222 0.514125 0.025333 0.013750
0 0.516889 0.475375 0.044444 0.024250
0 0.500889 0.437750 0.037333 0.020500
0 0.418667 0.458125 0.035556 0.020250
0 0.313333 0.437500 0.053333 0.055000
0 0.264889 0.410250 0.076444 0.058500
0 0.252000 0.407625 0.057778 0.028250
0 0.184889 0.512250 0.074667 0.033500
0 0.179333 0.546000 0.071556 0.055000
0 0.110667 0.562750 0.099556 0.036000
0 0.202444 0.599625 0.051111 0.025750
0 0.267778 0.586500 0.107111 0.057000
0 0.346889 0.593250 0.085778 0.037500
0 0.375556 0.524500 0.051556 0.035500
0 0.484889 0.517750 0.057778 0.031500
0 0.536889 0.545750 0.044444 0.033500
0 0.802889 0.571625 0.061778 0.043250
0 0.839556 0.620625 0.067556 0.024250
0 0.714222 0.623625 0.024889 0.013250
0 0.685333 0.607375 0.084444 0.032250
0 0.546667 0.606250 0.040889 0.034500
0 0.437556 0.567500 0.091111 0.057500
0 0.442667 0.611250 0.049778 0.019500
0 0.095778 0.663250 0.079556 0.018500
0 0.129556 0.699875 0.161333 0.061750
0 0.323778 0.674750 0.065333 0.071500
0 0.428444 0.682125 0.066667 0.088250
0 0.532000 0.716000 0.044444 0.010000
0 0.677111 0.749750 0.140000 0.066500
0 0.747333 0.743625 0.051111 0.032250
0 0.825556 0.713500 0.075111 0.053500
0 0.868667 0.821750 0.164889 0.101500
0 0.851333 0.876375 0.076889 0.042250
0 0.760889 0.841375 0.064889 0.048750
0 0.559111 0.786125 0.086222 0.055250
0 0.482889 0.730750 0.068000 0.048000
0 0.308889 0.697625 0.048889 0.040250
0 0.272667 0.751375 0.112444 0.078750
0 0.105111 0.763125 0.112444 0.065750
0 0.122889 0.805750 0.044889 0.041500
0 0.113333 0.830625 0.088889 0.042750
0 0.152667 0.903000 0.057333 0.045500
0 0.325556 0.788125 0.061778 0.017250
0 0.362667 0.797375 0.011556 0.025250
0 0.471111 0.780625 0.058667 0.057250
0 0.344444 0.818375 0.046222 0.030250
0 0.248889 0.833875 0.040000 0.021750
0 0.285333 0.904625 0.054222 0.045750
0 0.260222 0.936750 0.045778 0.038000
0 0.410000 0.863000 0.050222 0.081500
0 0.557111 0.891500 0.061778 0.095000
0 0.591778 0.917750 0.018222 0.020000
0 0.641333 0.831875 0.015111 0.011250
0 0.649333 0.924500 0.093333 0.093500
0 0.760667 0.935125 0.136444 0.103250
0 0.426889 0.952625 0.081333 0.094750