0 0.209111 0.174000 0.050222 0.070500
0 0.256222 0.252750 0.036000 0.028000
0 0.349111 0.139250 0.022667 0.020500
0 0.369556 0.171625 0.060889 0.051750
0 0.404889 0.139625 0.024889 0.043750
0 0.325778 0.243625 0.032000 0.007250
0 0.363556 0.227500 0.077333 0.069500
0 0.483111 0.113625 0.047111 0.067750
0 0.468222 0.166500 0.048444 0.066000
0 0.630000 0.138750 0.051111 0.042000
0 0.580444 0.193750 0.053333 0.036500
0 0.484000 0.225125 0.096889 0.056750
0 0.711333 0.181500 0.081333 0.057000
0 0.743556 0.148750 0.053333 0.056500
0 0.850889 0.193000 0.058222 0.024500
0 0.875333 0.136250 0.090222 0.061000
0 0.848000 0.222125 0.034667 0.012750
0 0.792889 0.251875 0.089778 0.033750
0 0.912889 0.254375 0.138667 0.051750
0 0.863556 0.253375 0.089778 0.036750
0 0.568000 0.232375 0.045333 0.035750
0 0.593111 0.257750 0.047556 0.031000
0 0.648222 0.248500 0.043111 0.042500
0 0.656222 0.281000 0.054667 0.036000
0 0.675556 0.268250 0.013333 0.010000
0 0.906000 0.289625 0.102667 0.032750
0 0.777111 0.313500 0.075111 0.043500
0 0.675333 0.333125 0.019111 0.021250
0 0.587778 0.287875 0.057333 0.027250
0 0.513111 0.298750 0.083111 0.047500
0 0.515111 0.277750 0.018667 0.010000
0 0.326444 0.284250 0.049333 0.027000
0 0.239333 0.300125 0.024444 0.009750
0 0.393333 0.304875 0.028444 0.022750
0 0.440444 0.336750 0.063111 0.044000
0 0.417111 0.342625 0.025333 0.017750
0 0.536000 0.345375 0.043556 0.038250
0 0.376222 0.345000 0.040444 0.020000
0 0.487778 0.374500 0.091111 0.050000
0 0.601556 0.390250 0.068000 0.049000
0 0.633778 0.404250 0.054222 0.026500
0 0.868889 0.358125 0.075556 0.037250
0 0.788444 0.394250 0.069333 0.037500
0 0.840222 0.404000 0.081333 0.017000
0 0.888000 0.381625 0.079111 0.036750
0 0.879778 0.386625 0.014667 0.011250
0 0.822000 0.417125 0.021778 0.025750
0 0.869778 0.445750 0.061333 0.023000
0 0.270444 0.359875 0.053778 0.039250
0 0.220667 0.391250 0.036000 0.012500
0 0.310000 0.400500 0.057333 0.024000
0 0.387556 0.414500 0.043556 0.015000
0 0.302889 0.430000 0.020889 0.010500
0 0.231333 0.486500 0.035111 0.024000
0 0.343778 0.446250 0.059111 0.028000
0 0.242000 0.541500 0.030667 0.008500
0 0.422667 0.456250 0.017778 0.009500
0 0.470444 0.449500 0.053778 0.046500
0 0.438000 0.473000 0.036889 0.030500
0 0.510667 0.482250 0.019556 0.013000
0 0.672000 0.452375 0.101333 0.028750
0 0.620222 0.495625 0.108000 0.056250
0 0.665556 0.486375 0.057333 0.047250
0 0.762000 0.449250 0.074222 0.060000
0 0.299333 0.506125 0.022667 0.025250
0 0.315556 0.516875 0.071111 0.054750
0 0.386222 0.501000 0.054222 0.027000
0 0.393778 0.541375 0.056889 0.033750
0 0.522000 0.547750 0.031556 0.023500
0 0.636889 0.557625 0.016889 0.008250
0 0.602667 0.570000 0.043556 0.023500
0 0.706000 0.555375 0.022667 0.015750
0 0.684667 0.594000 0.037778 0.018000
0 0.782000 0.535000 0.058222 0.025500
0 0.859778 0.518125 0.100000 0.050750
0 0.861111 0.539125 0.090222 0.024250
0 0.740667 0.582000 0.038667 0.027000
0 0.867111 0.566125 0.086222 0.054750
0 0.852000 0.569375 0.079111 0.026250
0 0.906222 0.596250 0.156444 0.033500
0 0.282667 0.615875 0.093333 0.040250
0 0.319111 0.594125 0.051556 0.030250
0 0.379778 0.606875 0.052000 0.026250
0 0.456667 0.587500 0.101778 0.049000
0 0.567111 0.602250 0.080000 0.032500
0 0.446222 0.631500 0.053333 0.033000
0 0.341778 0.644500 0.049778 0.023500
0 0.856444 0.627250 0.090667 0.045500
0 0.774889 0.642000 0.056444 0.017000
0 0.883111 0.654625 0.085333 0.025750
0 0.632667 0.645125 0.059111 0.025750
0 0.557111 0.643375 0.036000 0.029250
0 0.765111 0.687750 0.058222 0.021500
0 0.758889 0.701500 0.060000 0.028000
0 0.664000 0.681375 0.053333 0.034750
0 0.212222 0.690250 0.011111 0.006500
0 0.187333 0.706500 0.085778 0.033000
0 0.276667 0.704125 0.073333 0.031250
0 0.415778 0.681000 0.032444 0.018000
0 0.387556 0.706500 0.027556 0.026000
0 0.454444 0.703750 0.043111 0.032500
0 0.542889 0.697000 0.041333 0.030000
0 0.618444 0.738625 0.016444 0.028750
0 0.880444 0.761500 0.152889 0.049000
0 0.775333 0.751375 0.052889 0.049750
0 0.660667 0.762625 0.037778 0.039250
0 0.712000 0.774500 0.050667 0.054500
0 0.775778 0.779000 0.026222 0.023000
0 0.789333 0.787625 0.020444 0.016250
0 0.869111 0.802750 0.100889 0.035000
0 0.799111 0.832000 0.029333 0.026500
0 0.858444 0.884250 0.055556 0.033000
0 0.746444 0.868125 0.012889 0.010750
0 0.728222 0.866000 0.044000 0.039000
0 0.676889 0.861875 0.058667 0.066750
0 0.637111 0.884250 0.016444 0.017500
0 0.662222 0.802875 0.032000 0.025750
0 0.580000 0.809125 0.056000 0.058250
0 0.605556 0.840125 0.016444 0.020250
0 0.188889 0.761000 0.051556 0.040500
0 0.157556 0.826625 0.076000 0.071250
0 0.234222 0.814875 0.053333 0.054250
0 0.423556 0.767750 0.060444 0.056000
0 0.480444 0.806625 0.051556 0.056750
0 0.372222 0.829875 0.062667 0.053250
0 0.309556 0.862000 0.059111 0.038500
0 0.202222 0.874500 0.045333 0.030000
0 0.454000 0.854625 0.030667 0.034250
0 0.428222 0.916375 0.051111 0.045750
0 0.515556 0.897000 0.044444 0.049000
0 0.605111 0.916000 0.054667 0.049500