0 0.236444 0.189000 0.053333 0.034500
0 0.198222 0.213000 0.032000 0.027000
0 0.210667 0.238625 0.054222 0.038250
0 0.336667 0.255125 0.048444 0.040750
0 0.398444 0.272250 0.053778 0.064000
0 0.470444 0.240500 0.037778 0.020000
0 0.458667 0.264125 0.036444 0.014750
0 0.349111 0.182750 0.056444 0.045000
0 0.384889 0.201625 0.026667 0.028250
0 0.230444 0.283625 0.038667 0.027750
0 0.508889 0.193250 0.072889 0.033500
0 0.577556 0.175000 0.068889 0.062500
0 0.538000 0.249125 0.055556 0.030750
0 0.623333 0.253000 0.015556 0.012500
0 0.694222 0.214000 0.037333 0.027500
0 0.799778 0.231875 0.052000 0.013750
0 0.703778 0.253750 0.051111 0.029500
0 0.708889 0.313375 0.036444 0.018250
0 0.622667 0.298125 0.037333 0.018750
0 0.541333 0.285000 0.080889 0.038500
0 0.601333 0.272375 0.052444 0.033250
0 0.592889 0.307500 0.072889 0.048500
0 0.629778 0.325000 0.039111 0.022000
0 0.759333 0.341375 0.085778 0.047250
0 0.792222 0.330750 0.028000 0.014500
0 0.208000 0.312250 0.054222 0.058000
0 0.202000 0.396875 0.055556 0.022750
0 0.317778 0.371125 0.108444 0.027750
0 0.355111 0.384500 0.055111 0.021500
0 0.419556 0.333750 0.042667 0.035500
0 0.467333 0.331000 0.038667 0.027500
0 0.463111 0.357625 0.032889 0.027250
0 0.423556 0.385500 0.075556 0.036500
0 0.644000 0.385000 0.021333 0.008000
0 0.590444 0.395625 0.090222 0.025250
0 0.338222 0.422250 0.032000 0.019500
0 0.245556 0.441125 0.020000 0.011250
0 0.306000 0.466625 0.019111 0.018750
0 0.212222 0.487875 0.018222 0.009750
0 0.219556 0.515000 0.040000 0.021500
0 0.244667 0.572375 0.027111 0.013750
0 0.317333 0.531375 0.040000 0.026750
0 0.722444 0.395125 0.028889 0.010750
0 0.797333 0.411750 0.049778 0.009000
0 0.790000 0.439000 0.043111 0.006500
0 0.810444 0.469125 0.060889 0.012250
0 0.428667 0.446750 0.056444 0.042000
0 0.478667 0.416000 0.037333 0.038000
0 0.502444 0.424750 0.048444 0.031500
0 0.576000 0.433875 0.059556 0.032750
0 0.640444 0.437875 0.052444 0.019250
0 0.710667 0.439500 0.065778 0.020000
0 0.503778 0.476250 0.061778 0.041000
0 0.620000 0.465500 0.021333 0.007000
0 0.616222 0.486375 0.115111 0.024750
0 0.569333 0.506625 0.075556 0.025250
0 0.787333 0.523500 0.055556 0.017500
0 0.699556 0.534875 0.022222 0.006750
0 0.711333 0.476750 0.045778 0.015500
0 0.474000 0.534875 0.048444 0.021250
0 0.644000 0.529250 0.076444 0.042500
0 0.810000 0.581125 0.028889 0.006750
0 0.723778 0.570000 0.054667 0.011000
0 0.662667 0.581750 0.012444 0.012000
0 0.572889 0.569250 0.068444 0.025000
0 0.693333 0.614875 0.030222 0.008250
0 0.501778 0.596875 0.076444 0.034750
0 0.574889 0.635500 0.063556 0.042500
0 0.659778 0.626375 0.051111 0.026250
0 0.680889 0.636875 0.019556 0.008250
0 0.698222 0.657750 0.009778 0.005500
0 0.777111 0.666750 0.024444 0.009000
0 0.411778 0.610625 0.042222 0.015750
0 0.416444 0.589125 0.046222 0.016250
0 0.227556 0.621375 0.014222 0.005750
0 0.200000 0.620000 0.036444 0.013500
0 0.261111 0.618250 0.024444 0.017500
0 0.309333 0.591625 0.022222 0.018750
0 0.351556 0.622750 0.037333 0.036500
0 0.462889 0.636000 0.028000 0.021500
0 0.293556 0.672375 0.020889 0.020250
0 0.263333 0.685375 0.042222 0.025250
0 0.503778 0.690375 0.076000 0.061750
0 0.384444 0.716375 0.038222 0.019750
0 0.273778 0.737875 0.031111 0.032250
0 0.308222 0.738375 0.028889 0.017250
0 0.234667 0.772125 0.050667 0.035250
0 0.451778 0.725875 0.035111 0.027750
0 0.605333 0.684250 0.070222 0.035000
0 0.682667 0.674625 0.051556 0.034750
0 0.712667 0.702625 0.067111 0.023250
0 0.778889 0.751625 0.016444 0.006750
0 0.568000 0.741000 0.058667 0.062000
0 0.682667 0.716750 0.062222 0.031000
0 0.716667 0.741250 0.032444 0.020500
0 0.332222 0.786000 0.044889 0.040500
0 0.399778 0.758875 0.046667 0.065750
0 0.399333 0.807000 0.037778 0.042500
0 0.435333 0.807000 0.038667 0.023000
0 0.485778 0.778750 0.033778 0.029500
0 0.338444 0.888500 0.047556 0.052000
0 0.346444 0.925250 0.076000 0.089500
0 0.269111 0.910625 0.011111 0.011750
0 0.407333 0.878375 0.045778 0.046250
0 0.424000 0.915625 0.030222 0.026250
0 0.512000 0.888875 0.010667 0.010250
0 0.516889 0.827625 0.062222 0.045750
0 0.517556 0.860750 0.028889 0.036000
0 0.594889 0.779625 0.055556 0.020750
0 0.588444 0.824125 0.052444 0.028750
0 0.612667 0.859375 0.067111 0.050250
0 0.650000 0.860750 0.041333 0.033000
0 0.600000 0.888875 0.040889 0.031250
0 0.658667 0.887500 0.023111 0.019000
0 0.736889 0.887625 0.011556 0.012250
0 0.776667 0.865750 0.009333 0.004000
0 0.659111 0.818625 0.052444 0.042250
0 0.671778 0.777000 0.060000 0.037000
0 0.768000 0.778875 0.018667 0.014250
0 0.739333 0.812875 0.053778 0.029750