0 0.222667 0.147375 0.052444 0.048750
0 0.194000 0.188750 0.036889 0.032000
0 0.244000 0.199750 0.066667 0.050500
0 0.315556 0.192375 0.065778 0.055750
0 0.345111 0.154750 0.034222 0.023000
0 0.390222 0.198500 0.059556 0.054500
0 0.503556 0.144750 0.082667 0.061500
0 0.580000 0.130125 0.083556 0.092250
0 0.683111 0.145250 0.144889 0.064000
0 0.733111 0.164750 0.057333 0.020500
0 0.841111 0.167000 0.084000 0.042500
0 0.853556 0.213875 0.102667 0.060250
0 0.701556 0.197750 0.109778 0.068000
0 0.627333 0.233125 0.028889 0.025250
0 0.724000 0.233250 0.045333 0.020000
0 0.516667 0.190500 0.104444 0.057500
0 0.546444 0.214000 0.048444 0.015500
0 0.298667 0.262875 0.034667 0.031250
0 0.243778 0.291750 0.049333 0.037500
0 0.207556 0.309750 0.051556 0.036500
0 0.362889 0.277250 0.096444 0.075500
0 0.383778 0.296500 0.026222 0.023000
0 0.435111 0.256125 0.069333 0.064750
0 0.482889 0.265500 0.059111 0.015500
0 0.546000 0.266125 0.064444 0.043250
0 0.659778 0.263250 0.085778 0.062000
0 0.763556 0.265750 0.075556 0.037000
0 0.835556 0.252750 0.123556 0.046000
0 0.666222 0.309625 0.074667 0.038250
0 0.795556 0.313250 0.174222 0.042000
0 0.850000 0.291375 0.111556 0.032250
0 0.856000 0.345750 0.118222 0.049500
0 0.112222 0.410500 0.157778 0.065000
0 0.246222 0.370750 0.049778 0.036000
0 0.319111 0.403500 0.080889 0.028000
0 0.416889 0.399250 0.026667 0.011000
0 0.359333 0.433500 0.052889 0.044000
0 0.238889 0.460000 0.067111 0.050000
0 0.294444 0.456750 0.040444 0.023000
0 0.515778 0.322750 0.065333 0.022500
0 0.509333 0.342250 0.077333 0.046500
0 0.500667 0.401375 0.033333 0.021750
0 0.589111 0.360125 0.075111 0.040750
0 0.677111 0.381125 0.100889 0.032250
0 0.748000 0.387625 0.046222 0.014250
0 0.602000 0.406375 0.097333 0.036250
0 0.635778 0.429250 0.043111 0.012500
0 0.732222 0.429875 0.081333 0.027750
0 0.644222 0.448500 0.035111 0.019500
0 0.600000 0.461375 0.088889 0.027750
0 0.544444 0.482625 0.112000 0.026250
0 0.243778 0.522750 0.066222 0.033000
0 0.310222 0.528000 0.056889 0.065000
0 0.414667 0.494250 0.062222 0.021000
0 0.842222 0.476250 0.104889 0.021000
0 0.766222 0.495000 0.136889 0.026500
0 0.840889 0.526000 0.112000 0.035000
0 0.815333 0.552375 0.038667 0.014250
0 0.507556 0.531750 0.098667 0.049000
0 0.498444 0.549375 0.047556 0.014250
0 0.549778 0.542125 0.038222 0.027250
0 0.601111 0.532875 0.072444 0.026250
0 0.610667 0.511000 0.093333 0.030500
0 0.640667 0.510250 0.054667 0.021000
0 0.601778 0.569875 0.047111 0.023250
0 0.670222 0.557000 0.045333 0.013500
0 0.719778 0.567125 0.064444 0.029750
0 0.221333 0.572500 0.056889 0.023000
0 0.310889 0.592875 0.060000 0.032250
0 0.420667 0.610625 0.046667 0.013250
0 0.356889 0.618875 0.064889 0.027750
0 0.235333 0.625625 0.078667 0.029750
0 0.536667 0.594125 0.132889 0.052250
0 0.547333 0.630875 0.062667 0.037750
0 0.632000 0.620000 0.078222 0.030000
0 0.658889 0.620125 0.035111 0.014250
0 0.798667 0.615375 0.156444 0.031750
0 0.244667 0.678625 0.020000 0.015250
0 0.307778 0.659250 0.048444 0.019000
0 0.332000 0.680875 0.051556 0.022750
0 0.366222 0.689000 0.028444 0.034500
0 0.394222 0.665625 0.040889 0.020750
0 0.407556 0.717125 0.016889 0.011750
0 0.212889 0.737375 0.040889 0.047250
0 0.340889 0.764750 0.061333 0.033500
0 0.517333 0.713875 0.081778 0.066250
0 0.510889 0.718000 0.094667 0.027500
0 0.549556 0.661625 0.116000 0.024750
0 0.603778 0.690625 0.068889 0.034750
0 0.605778 0.708500 0.070222 0.033500
0 0.667111 0.691000 0.095111 0.069500
0 0.744000 0.658500 0.035556 0.014000
0 0.814000 0.650625 0.081333 0.024250
0 0.745333 0.689875 0.081778 0.044250
0 0.810222 0.722875 0.048000 0.036250
0 0.669111 0.750750 0.102667 0.034000
0 0.709778 0.728625 0.113778 0.041750
0 0.543778 0.765250 0.101778 0.053500
0 0.414667 0.804125 0.058667 0.036750
0 0.511556 0.787000 0.083556 0.047000
0 0.642667 0.799000 0.057778 0.031000
0 0.644000 0.838500 0.140444 0.087000
0 0.651778 0.825500 0.024444 0.013500
0 0.757778 0.845500 0.094222 0.044500
0 0.778889 0.874500 0.016444 0.013000
0 0.797111 0.817250 0.135556 0.068000
0 0.860889 0.802000 0.120889 0.043000
0 0.799333 0.839625 0.059111 0.034250
0 0.255111 0.838500 0.076444 0.057000
0 0.320222 0.839000 0.019111 0.023500
0 0.238222 0.895125 0.028444 0.032750
0 0.216667 0.952500 0.051111 0.071000
0 0.298444 0.886250 0.034222 0.043500
0 0.398000 0.855875 0.020000 0.023750
0 0.460889 0.952375 0.083556 0.091750
0 0.538444 0.939875 0.109778 0.074750
0 0.591111 0.927500 0.073778 0.065500
0 0.648000 0.909250 0.060444 0.059500
0 0.511556 0.821500 0.054222 0.046000
0 0.520222 0.844500 0.053778 0.028000
0 0.561556 0.850875 0.014667 0.012250
0 0.224889 0.876125 0.013333 0.012750