0 0.346444 0.098375 0.089333 0.086250
0 0.237778 0.183125 0.087111 0.044750
0 0.312444 0.179625 0.080000 0.049250
0 0.332889 0.177625 0.031111 0.037250
0 0.310889 0.219125 0.050222 0.053250
0 0.207111 0.238625 0.024000 0.026250
0 0.445111 0.116625 0.090222 0.073750
0 0.500444 0.153125 0.076444 0.039250
0 0.562889 0.132750 0.064444 0.082000
0 0.504667 0.189375 0.044000 0.033250
0 0.393556 0.168000 0.065333 0.054000
0 0.720667 0.169875 0.017333 0.005750
0 0.796667 0.222375 0.039556 0.024250
0 0.686667 0.195500 0.037333 0.027000
0 0.749778 0.211375 0.059556 0.021750
0 0.662000 0.158750 0.087556 0.028000
0 0.631333 0.189250 0.119556 0.065000
0 0.207111 0.280250 0.056889 0.056000
0 0.414889 0.241500 0.091111 0.051000
0 0.510444 0.240125 0.076000 0.024750
0 0.656444 0.240750 0.064889 0.029500
0 0.800222 0.260375 0.052889 0.030750
0 0.585778 0.262875 0.062222 0.036250
0 0.739778 0.277875 0.056444 0.034250
0 0.718667 0.301875 0.037333 0.020750
0 0.328889 0.281375 0.106667 0.041750
0 0.388444 0.299500 0.037333 0.023000
0 0.509111 0.287500 0.070667 0.063500
0 0.516444 0.341000 0.073778 0.060000
0 0.587556 0.307875 0.072000 0.060750
0 0.617556 0.303250 0.050222 0.029000
0 0.640000 0.318875 0.056000 0.027750
0 0.593778 0.354875 0.076444 0.032250
0 0.165556 0.353500 0.036889 0.018000
0 0.335111 0.361250 0.064000 0.051500
0 0.292444 0.390000 0.012444 0.007500
0 0.803333 0.381500 0.017333 0.006000
0 0.757556 0.393250 0.056444 0.017000
0 0.791778 0.406250 0.052889 0.015000
0 0.505333 0.380250 0.127111 0.046500
0 0.580667 0.413375 0.028000 0.015750
0 0.674000 0.421250 0.071556 0.038000
0 0.213333 0.390375 0.054222 0.040750
0 0.182444 0.434250 0.063556 0.023000
0 0.267333 0.422250 0.048444 0.041500
0 0.364889 0.392000 0.080889 0.032500
0 0.414889 0.393625 0.043111 0.057250
0 0.218444 0.488375 0.046667 0.025250
0 0.427556 0.448125 0.082667 0.058750
0 0.592889 0.436125 0.061333 0.027250
0 0.704667 0.471500 0.022667 0.007000
0 0.768889 0.469125 0.023111 0.005750
0 0.783778 0.500125 0.014667 0.004250
0 0.319333 0.509875 0.054667 0.023750
0 0.362889 0.508250 0.038667 0.029500
0 0.471111 0.502875 0.037333 0.019750
0 0.533556 0.476250 0.104444 0.023500
0 0.656889 0.505125 0.028444 0.007750
0 0.584222 0.508750 0.056444 0.026500
0 0.241556 0.546250 0.041333 0.011500
0 0.334000 0.549250 0.102667 0.035000
0 0.414444 0.551125 0.090222 0.025250
0 0.591778 0.550250 0.084889 0.042000
0 0.654000 0.559500 0.077778 0.023500
0 0.716667 0.559625 0.052889 0.015250
0 0.224222 0.604875 0.046667 0.032750
0 0.278222 0.619250 0.081778 0.026500
0 0.398667 0.634500 0.068444 0.072500
0 0.493111 0.619500 0.092000 0.039500
0 0.528000 0.640875 0.044444 0.014250
0 0.591778 0.614625 0.101778 0.028250
0 0.665778 0.603375 0.077333 0.021250
0 0.740667 0.608750 0.055556 0.014000
0 0.790444 0.636500 0.018222 0.005000
0 0.719333 0.636875 0.059111 0.021250
0 0.636000 0.641250 0.042667 0.026000
0 0.266667 0.659375 0.076444 0.036250
0 0.231333 0.675625 0.060889 0.030250
0 0.224444 0.714750 0.063111 0.047000
0 0.352444 0.669000 0.098667 0.038000
0 0.314000 0.697875 0.059111 0.049250
0 0.382222 0.720250 0.058667 0.048000
0 0.408444 0.725750 0.043556 0.039000
0 0.764667 0.699125 0.019111 0.008750
0 0.522667 0.675750 0.119111 0.060000
0 0.595111 0.663625 0.083556 0.032250
0 0.664444 0.694375 0.076444 0.029250
0 0.600667 0.704500 0.108000 0.045000
0 0.589778 0.714375 0.095111 0.027750
0 0.522222 0.716625 0.078222 0.033250
0 0.222222 0.776500 0.055111 0.060500
0 0.270222 0.814125 0.050667 0.047250
0 0.351333 0.831875 0.034222 0.033750
0 0.334444 0.853625 0.086667 0.094750
0 0.180444 0.901375 0.070222 0.095250
0 0.221333 0.876750 0.037333 0.041500
0 0.274000 0.875000 0.048444 0.051000
0 0.256889 0.948250 0.076444 0.083000
0 0.376000 0.918500 0.096889 0.061500
0 0.408444 0.915500 0.028444 0.028500
0 0.443778 0.901750 0.035111 0.027500
0 0.389778 0.781000 0.043556 0.041500
0 0.419556 0.792750 0.048889 0.064000
0 0.482889 0.822875 0.090222 0.049750
0 0.469333 0.758625 0.051556 0.042250
0 0.522000 0.778875 0.084889 0.044250
0 0.528222 0.805500 0.014667 0.018500
0 0.561778 0.817125 0.056889 0.034250
0 0.721778 0.747375 0.008000 0.004250
0 0.589778 0.752500 0.055111 0.025000
0 0.646667 0.760125 0.045333 0.029750
0 0.637778 0.797625 0.053333 0.022750
0 0.779111 0.813500 0.006222 0.003500
0 0.590444 0.877750 0.019111 0.010000
0 0.623556 0.837375 0.120000 0.060750
0 0.698000 0.830750 0.048444 0.021500
0 0.669556 0.886625 0.035111 0.028250
0 0.477778 0.860875 0.078222 0.050250
0 0.523778 0.889375 0.044889 0.016750