0 0.235333 0.193250 0.052889 0.079000
0 0.268444 0.213750 0.075556 0.052500
0 0.277778 0.226875 0.053333 0.049250
0 0.296000 0.177875 0.049778 0.033250
0 0.388444 0.201625 0.008000 0.013250
0 0.400667 0.206750 0.014667 0.011000
0 0.388667 0.169875 0.073333 0.053750
0 0.410889 0.225125 0.008444 0.004250
0 0.518444 0.191375 0.044889 0.035250
0 0.496667 0.209500 0.061778 0.077500
0 0.622889 0.201250 0.051111 0.027000
0 0.702222 0.184875 0.080000 0.037250
0 0.695333 0.220500 0.013778 0.005500
0 0.740667 0.201250 0.060889 0.028500
0 0.783111 0.217875 0.032889 0.019750
0 0.274444 0.322250 0.041333 0.027500
0 0.364889 0.266000 0.049778 0.061000
0 0.438667 0.257500 0.051556 0.027500
0 0.393111 0.280375 0.029778 0.020750
0 0.416000 0.283250 0.032000 0.023000
0 0.520444 0.256375 0.107556 0.032750
0 0.636667 0.224125 0.130222 0.036250
0 0.769778 0.240625 0.087111 0.039750
0 0.792000 0.243250 0.058667 0.048000
0 0.865556 0.234625 0.072444 0.030750
0 0.638000 0.285625 0.032444 0.005750
0 0.609333 0.243000 0.133333 0.118500
0 0.596667 0.302500 0.070667 0.068500
0 0.768889 0.281500 0.090667 0.033500
0 0.816667 0.260625 0.051111 0.047750
0 0.811556 0.294500 0.153778 0.037000
0 0.818222 0.308500 0.039111 0.010000
0 0.728222 0.344125 0.029778 0.017750
0 0.849778 0.324625 0.121778 0.031250
0 0.388667 0.326375 0.058222 0.036250
0 0.456222 0.322625 0.074222 0.050750
0 0.510889 0.326875 0.050222 0.056750
0 0.223556 0.384625 0.076444 0.094750
0 0.277111 0.406125 0.041333 0.033750
0 0.334444 0.385875 0.011111 0.016250
0 0.439778 0.372750 0.047556 0.055500
0 0.452667 0.396125 0.039556 0.035750
0 0.480222 0.401250 0.027111 0.011000
0 0.501333 0.402625 0.024889 0.019750
0 0.599556 0.394875 0.071111 0.042750
0 0.707333 0.373500 0.107111 0.040500
0 0.790667 0.360250 0.109333 0.034500
0 0.788889 0.388375 0.088889 0.021750
0 0.866667 0.378250 0.148444 0.026000
0 0.683556 0.426625 0.082667 0.027250
0 0.769556 0.427000 0.087556 0.039000
0 0.830000 0.444875 0.068889 0.021250
0 0.281333 0.463125 0.045333 0.018750
0 0.349556 0.458625 0.092889 0.026750
0 0.392000 0.471750 0.046222 0.021500
0 0.451778 0.437750 0.084889 0.030500
0 0.498444 0.434125 0.060889 0.052750
0 0.610667 0.447625 0.040000 0.012750
0 0.635778 0.472375 0.078667 0.028750
0 0.679778 0.461250 0.037778 0.010000
0 0.768444 0.497875 0.102222 0.030250
0 0.863111 0.494125 0.098667 0.033250
0 0.834000 0.510250 0.052000 0.011000
0 0.793333 0.527375 0.106667 0.039250
0 0.900444 0.511875 0.150222 0.039750
0 0.860667 0.544875 0.078667 0.021250
0 0.412444 0.492625 0.044444 0.014750
0 0.525556 0.478125 0.067111 0.023250
0 0.525333 0.506750 0.056000 0.036000
0 0.634889 0.519500 0.059111 0.022500
0 0.246889 0.530500 0.017333 0.006000
0 0.241333 0.534250 0.005333 0.003500
0 0.323333 0.543125 0.041333 0.025750
0 0.470667 0.521750 0.076444 0.032000
0 0.674222 0.552500 0.047111 0.024000
0 0.603111 0.549500 0.052444 0.019000
0 0.495333 0.552875 0.134667 0.072250
0 0.616000 0.574500 0.021333 0.006000
0 0.761556 0.569625 0.090222 0.014750
0 0.743778 0.584000 0.062667 0.028000
0 0.742889 0.586000 0.174667 0.039000
0 0.907333 0.597625 0.164889 0.053250
0 0.647333 0.597625 0.110667 0.039250
0 0.614444 0.612125 0.050222 0.030250
0 0.563556 0.605375 0.062222 0.039750
0 0.387556 0.586750 0.053333 0.030000
0 0.479778 0.585875 0.062667 0.031750
0 0.435111 0.587875 0.048889 0.050250
0 0.300222 0.643750 0.029778 0.012000
0 0.399778 0.635375 0.078667 0.040750
0 0.295778 0.659750 0.038667 0.021500
0 0.467111 0.635250 0.061333 0.045500
0 0.448889 0.651125 0.035556 0.014250
0 0.518444 0.642500 0.035111 0.028500
0 0.751778 0.620375 0.112444 0.034750
0 0.686000 0.638250 0.075111 0.044500
0 0.876889 0.666000 0.108444 0.032500
0 0.816000 0.675125 0.106667 0.048750
0 0.785556 0.685625 0.084889 0.019750
0 0.825778 0.696375 0.017778 0.008750
0 0.644444 0.669500 0.078222 0.045500
0 0.728000 0.673500 0.091556 0.039500
0 0.890222 0.748750 0.122667 0.045500
0 0.740000 0.726000 0.128889 0.065500
0 0.642667 0.731500 0.111111 0.048500
0 0.515111 0.676125 0.019556 0.020250
0 0.371111 0.673125 0.072000 0.050250
0 0.284667 0.689875 0.058222 0.040250
0 0.567333 0.748250 0.093778 0.060500
0 0.493333 0.747250 0.096889 0.064000
0 0.299333 0.728250 0.029778 0.027500
0 0.343111 0.731875 0.022222 0.016250
0 0.401556 0.737750 0.092889 0.050000
0 0.452889 0.773375 0.055111 0.023250
0 0.439556 0.782250 0.094222 0.046000
0 0.322889 0.797500 0.052889 0.073000
0 0.389778 0.822250 0.031111 0.030500
0 0.519333 0.832750 0.112444 0.056500
0 0.610667 0.787750 0.089778 0.048000
0 0.631778 0.805375 0.052000 0.027750
0 0.670667 0.787000 0.109333 0.068000
0 0.722889 0.820625 0.057333 0.019750
0 0.819333 0.755375 0.123111 0.038250
0 0.888222 0.795500 0.085778 0.043000
0 0.792222 0.803125 0.111556 0.082250
0 0.780667 0.817000 0.061778 0.036000
0 0.868222 0.831500 0.052889 0.043000
0 0.726222 0.837875 0.061333 0.032750
0 0.772667 0.893125 0.089333 0.063750
0 0.600667 0.828625 0.108889 0.057750
0 0.681333 0.864500 0.090667 0.040500
0 0.680000 0.905375 0.128000 0.078750
0 0.521111 0.886125 0.110667 0.067250
0 0.574000 0.901875 0.097333 0.069750
0 0.338000 0.940000 0.051111 0.075000
0 0.381111 0.897500 0.117778 0.079500
0 0.393111 0.925875 0.051111 0.065250
0 0.484000 0.926250 0.079111 0.092500