0 0.231556 0.142000 0.033778 0.031500
0 0.254222 0.187250 0.075556 0.052500
0 0.347333 0.152625 0.036000 0.021750
0 0.340889 0.184500 0.062222 0.047500
0 0.422667 0.114125 0.113778 0.095250
0 0.441333 0.189000 0.051556 0.065000
0 0.499778 0.178875 0.069778 0.066750
0 0.532667 0.123125 0.108889 0.074750
0 0.599111 0.146625 0.057778 0.046250
0 0.634222 0.180625 0.009778 0.012250
0 0.674222 0.176250 0.048889 0.031000
0 0.769333 0.174750 0.110222 0.034000
0 0.807778 0.194375 0.015556 0.007250
0 0.710889 0.234125 0.082222 0.038250
0 0.814000 0.224125 0.101778 0.034250
0 0.164667 0.241125 0.073333 0.034750
0 0.329111 0.265000 0.033333 0.022000
0 0.399333 0.279125 0.012000 0.005750
0 0.442889 0.253000 0.052000 0.032500
0 0.509778 0.245500 0.029333 0.009000
0 0.549556 0.260125 0.085778 0.032250
0 0.678667 0.276125 0.057778 0.030250
0 0.737333 0.282250 0.044444 0.010000
0 0.797778 0.297000 0.021333 0.008500
0 0.322222 0.300000 0.045333 0.033500
0 0.425556 0.306375 0.062667 0.029750
0 0.523111 0.299625 0.069333 0.029250
0 0.556889 0.309500 0.033778 0.024000
0 0.639111 0.333250 0.031111 0.010000
0 0.219778 0.346250 0.045778 0.039500
0 0.237778 0.417250 0.045333 0.019500
0 0.326667 0.372500 0.052444 0.024000
0 0.325111 0.414750 0.052000 0.025500
0 0.409556 0.370250 0.039556 0.020000
0 0.438222 0.373250 0.032889 0.022000
0 0.514667 0.383000 0.064000 0.047500
0 0.546889 0.401250 0.088444 0.046500
0 0.594222 0.365375 0.044444 0.020750
0 0.592444 0.395000 0.056889 0.030000
0 0.764667 0.365750 0.057333 0.019500
0 0.690889 0.394125 0.083111 0.021250
0 0.711556 0.402500 0.015111 0.004500
0 0.823333 0.432500 0.020000 0.008000
0 0.806889 0.435375 0.012000 0.003250
0 0.262667 0.476750 0.024000 0.012000
0 0.357111 0.473125 0.031556 0.011750
0 0.411111 0.469875 0.048889 0.025250
0 0.735333 0.407250 0.066222 0.030000
0 0.703556 0.435250 0.064889 0.029500
0 0.712444 0.437250 0.090667 0.015500
0 0.625556 0.440000 0.081333 0.027000
0 0.666667 0.461750 0.045333 0.031500
0 0.734222 0.484875 0.067556 0.017750
0 0.309556 0.503250 0.029778 0.015000
0 0.244667 0.533750 0.018222 0.014000
0 0.395778 0.532250 0.074222 0.032000
0 0.508222 0.506375 0.083111 0.030750
0 0.525333 0.469625 0.080889 0.024250
0 0.584889 0.476875 0.054222 0.023750
0 0.600444 0.510875 0.075556 0.024250
0 0.684667 0.494000 0.074222 0.021500
0 0.604222 0.526875 0.062667 0.025250
0 0.680667 0.540125 0.070667 0.023750
0 0.741556 0.527500 0.053778 0.013000
0 0.745111 0.572875 0.027111 0.005250
0 0.636667 0.581250 0.012889 0.002500
0 0.590000 0.561250 0.068889 0.026500
0 0.498889 0.584750 0.047556 0.023500
0 0.330444 0.564000 0.036000 0.022500
0 0.412667 0.570000 0.045778 0.025000
0 0.263778 0.580250 0.017333 0.014500
0 0.672222 0.617250 0.077778 0.029000
0 0.769556 0.659000 0.056444 0.017000
0 0.659111 0.657250 0.078222 0.033000
0 0.579333 0.630750 0.044889 0.031500
0 0.545333 0.640625 0.072000 0.042250
0 0.507778 0.655500 0.062667 0.033500
0 0.594889 0.663750 0.070667 0.041500
0 0.230667 0.619500 0.012444 0.009000
0 0.261556 0.631750 0.017333 0.018000
0 0.309111 0.627750 0.036000 0.027000
0 0.377111 0.625625 0.034222 0.030750
0 0.247556 0.666625 0.016000 0.016750
0 0.343778 0.680250 0.028000 0.031000
0 0.384444 0.657125 0.010667 0.013250
0 0.420000 0.661375 0.024000 0.018250
0 0.468000 0.702625 0.010667 0.007250
0 0.798667 0.680750 0.014222 0.005000
0 0.729778 0.720375 0.040000 0.019250
0 0.617778 0.712250 0.070222 0.029500
0 0.643333 0.731000 0.018222 0.010500
0 0.740000 0.742750 0.017778 0.006500
0 0.751333 0.758875 0.060889 0.027750
0 0.669333 0.767250 0.096000 0.040000
0 0.726889 0.798500 0.042222 0.025500
0 0.654000 0.801375 0.034222 0.023750
0 0.721778 0.819000 0.034667 0.018000
0 0.578889 0.765750 0.047556 0.041000
0 0.595111 0.791875 0.040889 0.025250
0 0.248222 0.748000 0.010222 0.011500
0 0.392444 0.723875 0.053333 0.038250
0 0.416889 0.755750 0.028444 0.032000
0 0.505556 0.769625 0.048444 0.032750
0 0.334667 0.786625 0.048889 0.068250
0 0.400000 0.820625 0.040000 0.044250
0 0.457778 0.807125 0.048889 0.039750
0 0.667778 0.847375 0.031556 0.022250
0 0.724000 0.895375 0.046222 0.049750
0 0.726000 0.881625 0.010222 0.009250
0 0.638667 0.867000 0.033778 0.023500
0 0.542222 0.863000 0.033778 0.047000
0 0.529333 0.919875 0.104889 0.067250
0 0.252667 0.805875 0.007556 0.006250
0 0.198000 0.857000 0.011111 0.019500
0 0.226222 0.864250 0.008889 0.016500
0 0.250000 0.902125 0.006667 0.008250
0 0.286444 0.900125 0.008444 0.016750
0 0.334667 0.858250 0.016889 0.034500
0 0.379778 0.872250 0.068000 0.073500
0 0.409111 0.903125 0.022667 0.031250
0 0.458667 0.870250 0.076444 0.078000
0 0.486444 0.912625 0.070667 0.062750