0 0.192000 0.128875 0.011556 0.005250
0 0.154667 0.179750 0.015111 0.016000
0 0.263111 0.123375 0.008000 0.010750
0 0.270222 0.174875 0.031111 0.031750
0 0.366222 0.135625 0.012444 0.014250
0 0.404444 0.158500 0.056889 0.065500
0 0.182667 0.229125 0.018667 0.016250
0 0.252667 0.235250 0.021778 0.025000
0 0.253778 0.200500 0.016000 0.007000
0 0.487333 0.114125 0.086667 0.050750
0 0.469333 0.159875 0.067556 0.044250
0 0.557556 0.104000 0.059111 0.063000
0 0.546889 0.106250 0.048444 0.051000
0 0.672000 0.118500 0.123556 0.069000
0 0.829556 0.142625 0.119556 0.056250
0 0.590889 0.221125 0.072444 0.059250
0 0.648222 0.196500 0.044889 0.041500
0 0.638444 0.237625 0.050222 0.040250
0 0.713556 0.240500 0.084000 0.032500
0 0.826889 0.242000 0.084000 0.037500
0 0.785778 0.269125 0.085333 0.051750
0 0.229778 0.283500 0.022222 0.015500
0 0.328222 0.228125 0.009333 0.010250
0 0.368222 0.232750 0.034222 0.024000
0 0.439778 0.200750 0.033333 0.041500
0 0.274444 0.296000 0.026222 0.022000
0 0.368444 0.291375 0.029333 0.030250
0 0.460222 0.229625 0.060000 0.035250
0 0.457778 0.244750 0.052444 0.030500
0 0.453556 0.306250 0.010222 0.007500
0 0.554000 0.281625 0.045778 0.027250
0 0.721333 0.281625 0.057778 0.039750
0 0.682667 0.316750 0.104889 0.039000
0 0.790222 0.326000 0.058667 0.025500
0 0.722000 0.347500 0.048444 0.019500
0 0.209778 0.352000 0.018667 0.011000
0 0.290889 0.347375 0.024444 0.013250
0 0.358889 0.326875 0.040444 0.021750
0 0.338000 0.374000 0.022667 0.011000
0 0.453778 0.371625 0.034667 0.015750
0 0.480000 0.354375 0.042667 0.013750
0 0.518444 0.352625 0.030667 0.023750
0 0.562000 0.342250 0.052000 0.033000
0 0.620444 0.374375 0.053333 0.023250
0 0.711556 0.395500 0.069333 0.025000
0 0.794889 0.392000 0.061778 0.017500
0 0.566889 0.378625 0.041333 0.017750
0 0.205333 0.402375 0.008000 0.004250
0 0.210889 0.440750 0.013778 0.006000
0 0.294667 0.435250 0.029333 0.013500
0 0.393333 0.396375 0.043556 0.029250
0 0.397111 0.434000 0.028000 0.020500
0 0.496222 0.405875 0.033333 0.022250
0 0.484667 0.426375 0.052000 0.021250
0 0.546667 0.419000 0.046222 0.024000
0 0.568000 0.443250 0.027556 0.020500
0 0.659111 0.430750 0.046222 0.013000
0 0.713111 0.449125 0.056444 0.019250
0 0.784444 0.442250 0.039111 0.014000
0 0.557333 0.479625 0.010667 0.005250
0 0.751333 0.495750 0.013778 0.004500
0 0.788222 0.526125 0.016444 0.003750
0 0.714222 0.531000 0.065778 0.020000
0 0.725333 0.488750 0.064000 0.020500
0 0.638667 0.486375 0.075556 0.024250
0 0.655333 0.537750 0.031556 0.008000
0 0.599111 0.545250 0.099556 0.037500
0 0.784000 0.574875 0.012444 0.004750
0 0.693778 0.575375 0.031111 0.005750
0 0.711778 0.587875 0.034222 0.008250
0 0.667556 0.592375 0.063111 0.031250
0 0.327556 0.494875 0.008889 0.004250
0 0.223778 0.548500 0.024444 0.008000
0 0.406000 0.483875 0.026222 0.022250
0 0.446000 0.533000 0.005778 0.008500
0 0.480667 0.537750 0.040444 0.018500
0 0.484222 0.545125 0.049333 0.015750
0 0.327111 0.550500 0.040889 0.026000
0 0.414444 0.557375 0.041333 0.018750
0 0.229333 0.596250 0.013333 0.014500
0 0.264889 0.592500 0.014222 0.008000
0 0.429778 0.612875 0.043556 0.023750
0 0.466667 0.599250 0.040000 0.039000
0 0.208000 0.641750 0.020444 0.014500
0 0.316667 0.663000 0.039556 0.031000
0 0.398222 0.649750 0.048000 0.026000
0 0.495778 0.669500 0.043111 0.044000
0 0.626000 0.648500 0.092000 0.036000
0 0.689778 0.674250 0.075556 0.039500
0 0.728667 0.695875 0.062667 0.022750
0 0.779556 0.670750 0.029333 0.011000
0 0.779556 0.640500 0.089778 0.026000
0 0.788222 0.710375 0.028000 0.016750
0 0.723778 0.732500 0.037778 0.026000
0 0.589778 0.714000 0.079111 0.047500
0 0.629556 0.756875 0.084889 0.050750
0 0.684222 0.754625 0.110667 0.047750
0 0.826667 0.780875 0.093333 0.033250
0 0.343333 0.682500 0.040444 0.029000
0 0.380667 0.685875 0.024444 0.015250
0 0.449556 0.697875 0.038667 0.020750
0 0.229111 0.698000 0.036000 0.031500
0 0.289778 0.697625 0.045333 0.029250
0 0.238000 0.738375 0.035111 0.010750
0 0.303333 0.764750 0.020000 0.029000
0 0.400444 0.761875 0.028444 0.039750
0 0.494222 0.773625 0.065778 0.069750
0 0.468889 0.790750 0.014222 0.015000
0 0.637556 0.784250 0.104444 0.034000
0 0.626222 0.771000 0.015111 0.007500
0 0.758667 0.798500 0.094222 0.041000
0 0.813778 0.816750 0.070222 0.038500
0 0.736000 0.825125 0.057778 0.059250
0 0.734667 0.847625 0.044444 0.021250
0 0.816444 0.874000 0.096889 0.040000
0 0.702444 0.873375 0.080444 0.054750
0 0.626667 0.906750 0.081778 0.082000
0 0.577556 0.837375 0.075111 0.060250
0 0.543778 0.858125 0.098222 0.073250
0 0.554444 0.919875 0.076000 0.058750
0 0.353778 0.796125 0.016889 0.037250
0 0.330444 0.810250 0.042222 0.057000
0 0.228889 0.806000 0.086222 0.043500
0 0.295778 0.844750 0.070667 0.052500
0 0.225111 0.825625 0.041333 0.071750
0 0.260444 0.922625 0.044444 0.048750
0 0.390000 0.935625 0.109778 0.089250
0 0.421111 0.912000 0.068889 0.076500
0 0.453111 0.859375 0.080444 0.073250