0 0.327556 0.129875 0.065778 0.081750
0 0.237111 0.216625 0.061778 0.052250
0 0.322444 0.191375 0.075111 0.076250
0 0.390889 0.143875 0.069778 0.066250
0 0.445111 0.149375 0.111556 0.064750
0 0.487111 0.169375 0.071111 0.039750
0 0.596444 0.162875 0.092444 0.062250
0 0.417333 0.278875 0.014222 0.015250
0 0.625556 0.234250 0.090222 0.033500
0 0.690000 0.231750 0.116889 0.077000
0 0.772000 0.194625 0.052444 0.033750
0 0.736667 0.263500 0.096444 0.032000
0 0.230667 0.270375 0.022222 0.022250
0 0.263111 0.270000 0.060444 0.032500
0 0.294000 0.276500 0.005778 0.018500
0 0.345556 0.256250 0.075111 0.067000
0 0.610000 0.291375 0.074222 0.052750
0 0.314889 0.319625 0.033333 0.019250
0 0.463333 0.312125 0.102667 0.037750
0 0.514444 0.315625 0.110667 0.034750
0 0.576000 0.331250 0.039111 0.013500
0 0.365333 0.352125 0.100444 0.031750
0 0.410667 0.373000 0.059556 0.018000
0 0.702000 0.340000 0.142667 0.037500
0 0.786222 0.339750 0.132444 0.041500
0 0.499556 0.384500 0.036444 0.018000
0 0.549111 0.386125 0.052000 0.026250
0 0.621111 0.379750 0.116000 0.031500
0 0.754444 0.382875 0.098222 0.021250
0 0.298667 0.388875 0.046222 0.038250
0 0.351778 0.423500 0.068000 0.026000
0 0.233111 0.439500 0.052000 0.019500
0 0.245111 0.454750 0.062667 0.020500
0 0.281333 0.434875 0.020444 0.006750
0 0.433333 0.431875 0.096000 0.063250
0 0.371111 0.450875 0.088000 0.040250
0 0.452000 0.469625 0.104889 0.030750
0 0.487333 0.484125 0.076889 0.025750
0 0.258000 0.496000 0.076000 0.028000
0 0.212000 0.520375 0.014222 0.006250
0 0.564444 0.485375 0.094222 0.033250
0 0.583556 0.422750 0.103111 0.046000
0 0.670667 0.412250 0.078222 0.036000
0 0.665333 0.436375 0.110222 0.020750
0 0.705556 0.417625 0.052889 0.024750
0 0.734667 0.456125 0.055111 0.006750
0 0.785556 0.456750 0.045778 0.007000
0 0.616889 0.470625 0.128000 0.045750
0 0.662444 0.489750 0.083111 0.029000
0 0.718000 0.473625 0.071556 0.014750
0 0.303111 0.536875 0.064000 0.022250
0 0.281333 0.552875 0.042667 0.035750
0 0.298444 0.543375 0.076889 0.028250
0 0.436000 0.522250 0.113778 0.030000
0 0.417111 0.534375 0.031556 0.011250
0 0.494000 0.537500 0.036889 0.014500
0 0.538444 0.531000 0.101778 0.039000
0 0.569556 0.546625 0.085778 0.041250
0 0.692667 0.526875 0.109778 0.030750
0 0.589333 0.558875 0.088889 0.031750
0 0.639556 0.562250 0.022222 0.005000
0 0.648444 0.557250 0.028444 0.004000
0 0.717556 0.586500 0.035111 0.014500
0 0.668444 0.590625 0.051556 0.014750
0 0.638222 0.594250 0.043556 0.025500
0 0.613778 0.596250 0.083556 0.031000
0 0.528222 0.577625 0.092000 0.024250
0 0.429333 0.581500 0.109333 0.026500
0 0.257333 0.594375 0.063111 0.028750
0 0.334222 0.590125 0.096000 0.026250
0 0.222222 0.630875 0.048889 0.033750
0 0.310667 0.657750 0.109333 0.051500
0 0.361778 0.635625 0.072000 0.041750
0 0.414889 0.610000 0.068000 0.054500
0 0.539111 0.628750 0.119111 0.046500
0 0.460000 0.626625 0.009778 0.010750
0 0.602444 0.652000 0.085778 0.044500
0 0.680000 0.631750 0.095111 0.035000
0 0.711333 0.629750 0.023556 0.008500
0 0.708889 0.669000 0.056889 0.018500
0 0.221333 0.688375 0.048000 0.026250
0 0.419111 0.663500 0.071111 0.033500
0 0.530667 0.663625 0.125333 0.038250
0 0.571556 0.668500 0.039111 0.013500
0 0.604667 0.700875 0.078667 0.039250
0 0.743333 0.705750 0.077778 0.026500
0 0.674444 0.726500 0.088444 0.042500
0 0.718000 0.730750 0.031556 0.022000
0 0.322222 0.686500 0.040000 0.021500
0 0.329333 0.708000 0.055111 0.044000
0 0.197556 0.747500 0.033333 0.032000
0 0.335556 0.742250 0.079111 0.055000
0 0.370222 0.732625 0.034667 0.035250
0 0.477333 0.686000 0.064889 0.041000
0 0.557556 0.716625 0.052889 0.030250
0 0.591556 0.733500 0.037333 0.018500
0 0.720889 0.770375 0.054222 0.026250
0 0.652000 0.767375 0.047111 0.025250
0 0.539778 0.737375 0.106222 0.036750
0 0.585111 0.757125 0.032444 0.014250
0 0.472444 0.755000 0.012444 0.006000
0 0.541111 0.762250 0.056444 0.025000
0 0.523556 0.777625 0.098667 0.028250
0 0.435111 0.769250 0.010667 0.009500
0 0.422667 0.788125 0.103111 0.043250
0 0.348889 0.800250 0.063111 0.061000
0 0.212889 0.797750 0.038222 0.036000
0 0.293333 0.814750 0.047111 0.035000
0 0.322667 0.842375 0.014222 0.026750
0 0.200444 0.827750 0.020444 0.029000
0 0.221778 0.828375 0.026667 0.041250
0 0.168222 0.866625 0.012000 0.014250
0 0.329556 0.881625 0.060000 0.044250
0 0.314444 0.943250 0.079556 0.063000
0 0.302444 0.934000 0.026222 0.038000
0 0.398889 0.831250 0.035111 0.027500
0 0.416889 0.863750 0.040000 0.037500
0 0.434222 0.904500 0.008000 0.006000
0 0.423111 0.925500 0.040889 0.052000
0 0.489778 0.829750 0.070222 0.032500
0 0.516889 0.872875 0.068444 0.054750
0 0.540667 0.828500 0.035111 0.031000
0 0.655333 0.818250 0.043111 0.020500
0 0.659333 0.853250 0.060000 0.033000
0 0.453556 0.904750 0.043111 0.019500