0 0.231778 0.148875 0.069778 0.048250
0 0.342889 0.142750 0.053778 0.065500
0 0.277111 0.198000 0.074222 0.049500
0 0.348000 0.202500 0.084444 0.045000
0 0.520667 0.135750 0.132000 0.088500
0 0.354444 0.257500 0.039556 0.032000
0 0.476444 0.206750 0.103111 0.059000
0 0.596889 0.206875 0.100444 0.050250
0 0.674000 0.174875 0.056444 0.035250
0 0.670444 0.195125 0.119556 0.070750
0 0.796222 0.181500 0.100889 0.045500
0 0.783333 0.244875 0.072444 0.028250
0 0.492444 0.253250 0.143111 0.044000
0 0.509778 0.264625 0.082667 0.034750
0 0.619111 0.249750 0.128889 0.055000
0 0.687556 0.239875 0.035556 0.017750
0 0.738222 0.307375 0.066667 0.023750
0 0.285111 0.316875 0.016444 0.007250
0 0.236444 0.341625 0.043556 0.032750
0 0.350889 0.311125 0.034222 0.023250
0 0.339556 0.350625 0.046222 0.040250
0 0.433556 0.317250 0.105333 0.071000
0 0.531111 0.295750 0.069333 0.030500
0 0.630000 0.300625 0.093778 0.028250
0 0.612444 0.316250 0.021333 0.020500
0 0.687778 0.294375 0.045778 0.023250
0 0.764222 0.293250 0.020889 0.005000
0 0.794667 0.331000 0.067556 0.018000
0 0.819111 0.348750 0.110222 0.043000
0 0.633556 0.348125 0.041333 0.016250
0 0.528222 0.344500 0.117778 0.041000
0 0.565111 0.365500 0.110667 0.026000
0 0.760000 0.381000 0.117333 0.022500
0 0.736667 0.393000 0.101778 0.035000
0 0.415778 0.377750 0.061778 0.041000
0 0.272222 0.401000 0.060889 0.034500
0 0.332222 0.400375 0.084000 0.028750
0 0.673556 0.411750 0.034222 0.006000
0 0.835333 0.415125 0.116000 0.026250
0 0.762667 0.429625 0.095111 0.034750
0 0.538444 0.394500 0.068000 0.029500
0 0.580222 0.407000 0.068000 0.023500
0 0.316667 0.443250 0.075111 0.030000
0 0.309778 0.465625 0.095111 0.027250
0 0.377778 0.468250 0.061333 0.021000
0 0.469333 0.441125 0.131556 0.060750
0 0.532444 0.441875 0.051556 0.039750
0 0.572444 0.464750 0.068444 0.041500
0 0.605111 0.438625 0.068000 0.017750
0 0.654667 0.448125 0.124444 0.024750
0 0.667111 0.471125 0.084444 0.018750
0 0.668889 0.489875 0.132444 0.027750
0 0.775778 0.497750 0.097333 0.023500
0 0.243556 0.513375 0.021333 0.022750
0 0.279111 0.512250 0.048000 0.025500
0 0.257333 0.526125 0.025778 0.013250
0 0.363556 0.501000 0.097778 0.045500
0 0.349778 0.520000 0.100444 0.025500
0 0.427333 0.480250 0.041333 0.025000
0 0.527111 0.500500 0.067556 0.022500
0 0.338000 0.567625 0.052889 0.047250
0 0.314889 0.607500 0.078667 0.028500
0 0.264000 0.615125 0.033778 0.022250
0 0.430444 0.595750 0.073333 0.053000
0 0.652222 0.525125 0.049333 0.009250
0 0.608667 0.538875 0.053778 0.020750
0 0.626000 0.558000 0.093778 0.056000
0 0.735556 0.541250 0.090667 0.019500
0 0.829111 0.586750 0.133778 0.047500
0 0.774000 0.587625 0.129333 0.021750
0 0.622000 0.594625 0.128444 0.031750
0 0.538444 0.534750 0.081333 0.059000
0 0.663556 0.598375 0.112889 0.020250
0 0.702222 0.607125 0.146667 0.031250
0 0.711556 0.622125 0.105778 0.023250
0 0.793333 0.613375 0.086222 0.023750
0 0.830222 0.637000 0.070222 0.030000
0 0.529111 0.643125 0.047556 0.020750
0 0.276000 0.642500 0.037333 0.025000
0 0.274222 0.652875 0.024889 0.019750
0 0.268889 0.684750 0.053333 0.043500
0 0.341111 0.686125 0.035111 0.029750
0 0.397333 0.651250 0.093333 0.037500
0 0.457778 0.649250 0.094222 0.056500
0 0.478000 0.680375 0.102667 0.026250
0 0.655333 0.646375 0.153333 0.043750
0 0.701111 0.672625 0.139111 0.052250
0 0.762667 0.672750 0.083556 0.024500
0 0.838000 0.678250 0.084889 0.040000
0 0.432222 0.713375 0.044000 0.011750
0 0.252000 0.781500 0.021333 0.032500
0 0.306667 0.748375 0.040889 0.033250
0 0.362222 0.746000 0.083556 0.039500
0 0.361778 0.773625 0.043556 0.033750
0 0.538000 0.740875 0.092000 0.056250
0 0.570889 0.721875 0.060000 0.027750
0 0.674667 0.727625 0.128889 0.041250
0 0.743556 0.721250 0.117333 0.034500
0 0.790889 0.765000 0.128444 0.049500
0 0.671556 0.767125 0.070222 0.033750
0 0.748444 0.799250 0.097778 0.035500
0 0.679333 0.812875 0.108889 0.063250
0 0.807556 0.831375 0.076444 0.031250
0 0.733556 0.841125 0.067111 0.031750
0 0.697778 0.845000 0.128000 0.045500
0 0.720667 0.866750 0.115111 0.050000
0 0.594222 0.809375 0.074667 0.044250
0 0.520667 0.790125 0.068889 0.070750
0 0.559556 0.840750 0.146667 0.067000
0 0.453111 0.787000 0.073333 0.064000
0 0.434889 0.828875 0.068889 0.060250
0 0.383111 0.796750 0.104889 0.045000
0 0.370222 0.826000 0.076444 0.063500
0 0.431556 0.878250 0.065778 0.045000
0 0.363778 0.855750 0.068889 0.062000
0 0.230000 0.851000 0.051111 0.054500
0 0.294222 0.834000 0.064889 0.056000
0 0.303333 0.892750 0.053778 0.068000
0 0.349333 0.891375 0.043556 0.052250