0 0.159556 0.176500 0.011556 0.009500
0 0.264889 0.142750 0.042667 0.051000
0 0.324667 0.143500 0.052000 0.059500
0 0.193556 0.210375 0.014667 0.018750
0 0.266000 0.196375 0.044889 0.029250
0 0.347111 0.226500 0.020444 0.012500
0 0.379333 0.191875 0.099111 0.057750
0 0.458667 0.140625 0.112000 0.080750
0 0.508444 0.151875 0.068444 0.060250
0 0.506444 0.205625 0.067111 0.053250
0 0.648222 0.176375 0.103556 0.038250
0 0.711111 0.174250 0.081778 0.050000
0 0.759778 0.200500 0.018222 0.015500
0 0.210222 0.253375 0.064889 0.032750
0 0.259778 0.241375 0.031556 0.027750
0 0.178222 0.271375 0.040000 0.022750
0 0.692222 0.228250 0.096444 0.051500
0 0.742222 0.229250 0.033778 0.017000
0 0.762889 0.241000 0.042222 0.010000
0 0.586444 0.238000 0.052000 0.027000
0 0.192222 0.310250 0.037778 0.038000
0 0.266222 0.280625 0.023111 0.021750
0 0.321333 0.295875 0.069333 0.066750
0 0.376222 0.260000 0.060000 0.028000
0 0.444000 0.281125 0.083556 0.020750
0 0.528222 0.267375 0.036000 0.033250
0 0.600222 0.295125 0.025333 0.013250
0 0.682667 0.287625 0.058667 0.023750
0 0.747111 0.283500 0.017778 0.008500
0 0.421333 0.303875 0.105778 0.050750
0 0.207333 0.360125 0.105333 0.027750
0 0.278667 0.358500 0.039111 0.026500
0 0.351333 0.374500 0.010222 0.005500
0 0.381333 0.364250 0.048000 0.043000
0 0.448222 0.354750 0.038667 0.022000
0 0.540222 0.338500 0.060889 0.032000
0 0.502889 0.361000 0.044000 0.053000
0 0.612000 0.329750 0.059556 0.026000
0 0.669778 0.338500 0.047111 0.011500
0 0.624222 0.370875 0.084000 0.034250
0 0.716222 0.372625 0.104444 0.038750
0 0.207333 0.414000 0.048444 0.034000
0 0.280000 0.410500 0.045333 0.027000
0 0.452000 0.396125 0.030222 0.029750
0 0.566889 0.411500 0.096444 0.033500
0 0.618000 0.411750 0.041333 0.016000
0 0.450222 0.432000 0.043556 0.017500
0 0.515333 0.448000 0.051111 0.014500
0 0.344667 0.440750 0.082222 0.028500
0 0.175556 0.481125 0.032000 0.013750
0 0.204000 0.530875 0.033778 0.011750
0 0.198444 0.560500 0.041333 0.010500
0 0.334667 0.506250 0.100444 0.029000
0 0.405333 0.501625 0.067556 0.026750
0 0.462444 0.467500 0.056444 0.027500
0 0.501556 0.502125 0.038667 0.013750
0 0.616667 0.485125 0.063556 0.011750
0 0.697778 0.464625 0.056889 0.019750
0 0.715778 0.502750 0.083111 0.027000
0 0.634667 0.519125 0.082667 0.024250
0 0.657111 0.521500 0.016444 0.005000
0 0.523556 0.529375 0.038222 0.019250
0 0.618000 0.554250 0.058222 0.011500
0 0.691111 0.551500 0.056000 0.011500
0 0.739556 0.548875 0.033778 0.006750
0 0.290667 0.576750 0.042667 0.030000
0 0.376444 0.567750 0.026667 0.018000
0 0.416667 0.570250 0.024444 0.018500
0 0.465556 0.535625 0.069778 0.034250
0 0.628222 0.605375 0.014667 0.005750
0 0.690444 0.605625 0.039556 0.015750
0 0.758667 0.619750 0.064889 0.017500
0 0.532222 0.614375 0.046667 0.025750
0 0.472222 0.615875 0.081333 0.025250
0 0.358222 0.618875 0.036444 0.016250
0 0.298667 0.621875 0.034667 0.017750
0 0.164667 0.613250 0.022667 0.016500
0 0.228889 0.671625 0.025778 0.009750
0 0.254889 0.676500 0.020000 0.017500
0 0.168222 0.701000 0.007556 0.008500
0 0.189778 0.729625 0.008889 0.008750
0 0.262444 0.710375 0.013778 0.009750
0 0.366889 0.660000 0.012889 0.010000
0 0.449333 0.652625 0.016000 0.007750
0 0.385778 0.704500 0.041778 0.024500
0 0.446222 0.705625 0.023111 0.020250
0 0.512889 0.699750 0.027556 0.021000
0 0.562889 0.665250 0.038667 0.017000
0 0.621556 0.652500 0.020000 0.010000
0 0.693556 0.640375 0.047556 0.012750
0 0.755778 0.660875 0.052889 0.017750
0 0.701778 0.696000 0.065778 0.020500
0 0.624444 0.708875 0.044444 0.013750
0 0.567778 0.710375 0.050222 0.015250
0 0.341111 0.750750 0.013778 0.015000
0 0.291778 0.768500 0.017333 0.038000
0 0.208444 0.777625 0.018667 0.019750
0 0.198667 0.816125 0.028444 0.034250
0 0.288000 0.814750 0.024000 0.037500
0 0.342667 0.813875 0.012444 0.015250
0 0.631333 0.748250 0.036889 0.018500
0 0.679556 0.753875 0.054222 0.018250
0 0.629111 0.793500 0.084889 0.034000
0 0.566444 0.819250 0.076000 0.055000
0 0.698889 0.828375 0.031556 0.017750
0 0.652667 0.835625 0.007556 0.011250
0 0.611333 0.843375 0.046667 0.033250
0 0.450667 0.816875 0.047111 0.037750
0 0.466667 0.846875 0.049778 0.029250
0 0.427556 0.852625 0.045333 0.045750
0 0.512889 0.851750 0.005333 0.011000
0 0.207333 0.870875 0.008444 0.006250
0 0.304222 0.881875 0.045778 0.042750
0 0.363556 0.907625 0.072000 0.035250
0 0.468667 0.927500 0.081333 0.073500
0 0.582444 0.914000 0.100000 0.073000
0 0.608889 0.895500 0.043556 0.039000
0 0.614667 0.882000 0.058667 0.044000
0 0.179333 0.908750 0.019111 0.025000
0 0.276000 0.916500 0.073778 0.063500
0 0.388444 0.859750 0.026667 0.047500