0 0.101778 0.103750 0.092444 0.084000
0 0.236444 0.052250 0.080000 0.102500
0 0.357111 0.085000 0.025333 0.036500
0 0.448222 0.100000 0.059111 0.084500
0 0.539778 0.121000 0.108000 0.081000
0 0.670444 0.192500 0.068889 0.065500
0 0.054222 0.163625 0.076444 0.041750
0 0.160889 0.112500 0.017778 0.017500
0 0.130000 0.089375 0.021778 0.021750
0 0.590667 0.065875 0.035556 0.043750
0 0.641111 0.070875 0.108000 0.085250
0 0.708444 0.075625 0.093333 0.069750
0 0.750889 0.148625 0.073333 0.057750
0 0.671333 0.137625 0.100889 0.065750
0 0.790222 0.212000 0.082667 0.027500
0 0.517778 0.183250 0.024000 0.049000
0 0.339556 0.152250 0.037333 0.030000
0 0.355556 0.178125 0.110222 0.078250
0 0.222000 0.138875 0.060889 0.058250
0 0.170889 0.145125 0.041333 0.043250
0 0.183333 0.195500 0.074222 0.072000
0 0.250000 0.205500 0.049333 0.039000
0 0.329778 0.233625 0.034667 0.039250
0 0.455333 0.241875 0.053778 0.043250
0 0.718222 0.260625 0.039111 0.025250
0 0.780222 0.292875 0.048444 0.032250
0 0.830889 0.320500 0.113333 0.035500
0 0.590222 0.309000 0.070222 0.050000
0 0.482889 0.300125 0.087556 0.053750
0 0.640000 0.326125 0.025778 0.015250
0 0.158889 0.265250 0.067111 0.041500
0 0.116667 0.279875 0.020889 0.015250
0 0.089556 0.316000 0.046667 0.048500
0 0.164222 0.321875 0.043111 0.028250
0 0.344222 0.305750 0.095556 0.033000
0 0.304667 0.313250 0.034222 0.023500
0 0.765556 0.358000 0.087556 0.060500
0 0.621333 0.367250 0.053333 0.035000
0 0.696000 0.376875 0.072000 0.037250
0 0.718444 0.393875 0.090222 0.044750
0 0.770444 0.428875 0.093778 0.057750
0 0.374444 0.362625 0.044889 0.026750
0 0.280222 0.340875 0.081333 0.057250
0 0.048667 0.370625 0.052889 0.021750
0 0.176444 0.388375 0.064000 0.051750
0 0.079333 0.404500 0.044000 0.030000
0 0.506000 0.400625 0.092000 0.063250
0 0.745111 0.493000 0.020000 0.009000
0 0.676444 0.453750 0.032000 0.021500
0 0.616667 0.459750 0.038667 0.027000
0 0.362667 0.425875 0.083556 0.042750
0 0.277778 0.397625 0.060444 0.059750
0 0.086667 0.446625 0.062222 0.023250
0 0.085111 0.492375 0.042222 0.007750
0 0.265778 0.491625 0.065778 0.031250
0 0.227111 0.473625 0.140444 0.030750
0 0.187111 0.488125 0.031111 0.014250
0 0.412667 0.486750 0.026222 0.019500
0 0.524667 0.449625 0.102667 0.038750
0 0.508889 0.487500 0.061333 0.034500
0 0.665111 0.490625 0.050222 0.020250
0 0.637556 0.509000 0.112444 0.051500
0 0.690889 0.520750 0.057333 0.022500
0 0.748444 0.543375 0.094222 0.041750
0 0.492444 0.545375 0.103111 0.031250
0 0.335778 0.520250 0.040444 0.031000
0 0.330000 0.546375 0.067111 0.025250
0 0.239556 0.543750 0.043556 0.023000
0 0.062000 0.615375 0.067111 0.036750
0 0.326222 0.586000 0.039111 0.013500
0 0.391111 0.610500 0.037333 0.017000
0 0.531111 0.585250 0.036444 0.023500
0 0.658000 0.577250 0.084000 0.033000
0 0.742000 0.587875 0.092889 0.070250
0 0.795556 0.581125 0.085333 0.032250
0 0.798222 0.653500 0.097778 0.037500
0 0.710889 0.662625 0.038667 0.023250
0 0.557111 0.637500 0.050222 0.033500
0 0.473333 0.654000 0.014222 0.015000
0 0.495778 0.691250 0.020000 0.011500
0 0.386000 0.672625 0.061778 0.045750
0 0.428667 0.694000 0.053778 0.051000
0 0.190444 0.682375 0.088444 0.036750
0 0.076444 0.667750 0.052444 0.023500
0 0.099111 0.738000 0.048889 0.034500
0 0.204889 0.722250 0.013333 0.017500
0 0.265556 0.715875 0.071556 0.040250
0 0.341778 0.695000 0.072000 0.056500
0 0.396000 0.736125 0.032889 0.034750
0 0.599111 0.728875 0.052444 0.043750
0 0.703778 0.738375 0.090222 0.082750
0 0.822667 0.699750 0.103111 0.045500
0 0.794000 0.791875 0.063556 0.077250
0 0.635556 0.805125 0.052444 0.043750
0 0.584000 0.794125 0.085333 0.067250
0 0.434000 0.780125 0.040444 0.041250
0 0.342667 0.801000 0.025778 0.039500
0 0.238000 0.794000 0.026222 0.020500
0 0.110222 0.779750 0.071111 0.029500
0 0.129111 0.844875 0.074222 0.042750
0 0.343333 0.859000 0.112444 0.086000
0 0.567333 0.843875 0.056444 0.043750
0 0.792000 0.888750 0.101333 0.083000
0 0.755556 0.882125 0.082667 0.037250
0 0.753111 0.907875 0.100889 0.085750
0 0.825556 0.955875 0.076889 0.063750
0 0.769778 0.972500 0.097778 0.049000
0 0.628000 0.904875 0.087111 0.054250
0 0.612667 0.960500 0.072444 0.075000
0 0.542444 0.904000 0.020889 0.033000
0 0.461778 0.903625 0.016000 0.035750
0 0.516000 0.953000 0.059556 0.059500
0 0.407778 0.972750 0.034222 0.046000
0 0.332889 0.960250 0.017778 0.028000
0 0.310444 0.918000 0.030667 0.037500
0 0.236444 0.951750 0.035556 0.039500
0 0.212000 0.938375 0.045333 0.042250
0 0.221778 0.912750 0.030222 0.034000