0 0.317111 0.117750 0.078667 0.114500
0 0.346000 0.136375 0.105333 0.074250
0 0.429111 0.153250 0.088444 0.062500
0 0.562000 0.171500 0.093778 0.059500
0 0.634444 0.143125 0.081333 0.104750
0 0.744444 0.189000 0.080889 0.026500
0 0.253556 0.210125 0.092889 0.042750
0 0.285333 0.224625 0.026667 0.019250
0 0.375111 0.206500 0.056889 0.039000
0 0.444444 0.208875 0.140444 0.061750
0 0.476444 0.226000 0.042667 0.017000
0 0.588222 0.235000 0.116889 0.044500
0 0.658889 0.217500 0.043111 0.030000
0 0.612222 0.259000 0.124889 0.057000
0 0.751778 0.205750 0.109778 0.040500
0 0.791333 0.214750 0.205778 0.067500
0 0.797333 0.232000 0.129778 0.040000
0 0.808444 0.252125 0.128000 0.024750
0 0.684222 0.279500 0.133778 0.045500
0 0.832444 0.281750 0.155556 0.054000
0 0.163111 0.254750 0.069333 0.040000
0 0.215778 0.300125 0.046667 0.050250
0 0.245778 0.323000 0.046222 0.020000
0 0.370444 0.273750 0.092000 0.029500
0 0.447111 0.272000 0.120000 0.069500
0 0.588222 0.300000 0.069778 0.041000
0 0.636222 0.311625 0.092889 0.025750
0 0.343333 0.320375 0.057333 0.033750
0 0.396667 0.320250 0.081333 0.052000
0 0.486000 0.382250 0.012889 0.013500
0 0.556444 0.349875 0.056889 0.046750
0 0.585333 0.366750 0.061333 0.029500
0 0.638889 0.370500 0.016444 0.007500
0 0.724667 0.326375 0.075111 0.037250
0 0.819556 0.321375 0.107556 0.031250
0 0.753111 0.347500 0.176444 0.036500
0 0.822444 0.355375 0.116000 0.037250
0 0.203111 0.387625 0.069333 0.055250
0 0.249111 0.357500 0.042222 0.036000
0 0.338444 0.390500 0.058222 0.050000
0 0.378000 0.375875 0.043111 0.023750
0 0.419778 0.397125 0.078667 0.025250
0 0.470667 0.410500 0.049778 0.018500
0 0.655111 0.405000 0.131556 0.022500
0 0.747111 0.398625 0.051556 0.014250
0 0.234667 0.450000 0.050667 0.037500
0 0.337333 0.452000 0.089778 0.047000
0 0.413556 0.445875 0.049333 0.010750
0 0.527556 0.466375 0.125333 0.038250
0 0.286222 0.491250 0.050667 0.018000
0 0.354667 0.509125 0.073778 0.050750
0 0.621111 0.460000 0.113333 0.028000
0 0.696667 0.450500 0.069778 0.054500
0 0.686889 0.470750 0.036889 0.016000
0 0.788667 0.453750 0.102667 0.043000
0 0.309778 0.551500 0.096889 0.027500
0 0.222889 0.562375 0.043111 0.032250
0 0.271778 0.531375 0.076000 0.029750
0 0.424444 0.546125 0.106667 0.044250
0 0.496889 0.517375 0.080889 0.073250
0 0.569778 0.497125 0.096889 0.024250
0 0.752222 0.498750 0.122222 0.047000
0 0.814889 0.506625 0.135556 0.051750
0 0.758000 0.526625 0.082222 0.032750
0 0.676000 0.507000 0.099556 0.027000
0 0.631111 0.501750 0.056889 0.034500
0 0.475778 0.565750 0.067111 0.057000
0 0.557333 0.557250 0.093333 0.035500
0 0.632000 0.553250 0.084444 0.027500
0 0.773778 0.570625 0.139556 0.052250
0 0.814444 0.563500 0.156889 0.029500
0 0.719333 0.580125 0.121333 0.027250
0 0.823778 0.589000 0.052889 0.031500
0 0.204222 0.604375 0.082222 0.026750
0 0.399333 0.595000 0.038667 0.025000
0 0.488889 0.599875 0.103111 0.027250
0 0.404000 0.617375 0.112889 0.043750
0 0.432222 0.646000 0.100000 0.030000
0 0.499111 0.670500 0.055111 0.041500
0 0.569778 0.628625 0.121778 0.040750
0 0.638444 0.643250 0.065333 0.036500
0 0.648222 0.654750 0.087556 0.030000
0 0.712889 0.609500 0.168000 0.031500
0 0.756222 0.604000 0.106222 0.020000
0 0.749778 0.619500 0.094222 0.020000
0 0.727778 0.640500 0.109778 0.024500
0 0.803333 0.636625 0.063556 0.032250
0 0.266222 0.666125 0.047111 0.023250
0 0.313556 0.664875 0.049333 0.073250
0 0.361778 0.660500 0.067556 0.053000
0 0.370667 0.686375 0.079111 0.036250
0 0.432667 0.693500 0.091111 0.058500
0 0.634667 0.672625 0.064889 0.033750
0 0.734222 0.703500 0.097778 0.050500
0 0.772889 0.690500 0.081778 0.038500
0 0.810222 0.673250 0.088000 0.027500
0 0.715778 0.716500 0.072444 0.035000
0 0.799333 0.721000 0.060889 0.015000
0 0.602444 0.716625 0.081333 0.027250
0 0.278444 0.709000 0.036889 0.037000
0 0.257556 0.758875 0.056444 0.069750
0 0.362444 0.787375 0.048444 0.063250
0 0.369111 0.750875 0.077778 0.048750
0 0.461111 0.744250 0.067111 0.048500
0 0.514667 0.736250 0.075556 0.054500
0 0.298889 0.808875 0.076889 0.038250
0 0.314889 0.835125 0.008444 0.016750
0 0.468667 0.780500 0.108889 0.048500
0 0.554222 0.813500 0.043556 0.042500
0 0.630667 0.800750 0.119111 0.080000
0 0.677111 0.788375 0.134667 0.065750
0 0.703333 0.777625 0.145333 0.047750
0 0.701111 0.759750 0.080444 0.022000
0 0.762889 0.782000 0.020000 0.010500
0 0.786222 0.767375 0.088000 0.047250
0 0.750444 0.812875 0.025333 0.020750
0 0.690667 0.804500 0.087111 0.048500
0 0.741556 0.838750 0.108889 0.040500
0 0.805778 0.837000 0.034667 0.018500
0 0.723556 0.861500 0.088000 0.047500
0 0.620222 0.849000 0.018222 0.014000
0 0.605778 0.884875 0.077333 0.072250
0 0.282222 0.852750 0.049778 0.050500
0 0.292222 0.878125 0.028000 0.031750
0 0.255778 0.883125 0.020889 0.017250
0 0.475333 0.833250 0.141778 0.062500
0 0.416889 0.841750 0.062222 0.050500
0 0.499333 0.867750 0.031556 0.038000
0 0.369111 0.866500 0.050222 0.033500
0 0.414000 0.888875 0.084000 0.054750