0 0.184889 0.045875 0.048889 0.078250
0 0.305778 0.052250 0.089778 0.103000
0 0.360000 0.049750 0.040000 0.066500
0 0.440889 0.063250 0.072000 0.058000
0 0.652444 0.046875 0.058667 0.078250
0 0.713111 0.078875 0.071556 0.067250
0 0.855111 0.090500 0.065778 0.040000
0 0.777333 0.127875 0.048000 0.028250
0 0.584222 0.103625 0.045778 0.049250
0 0.338889 0.098625 0.050222 0.073750
0 0.235111 0.107625 0.056000 0.051750
0 0.198444 0.120625 0.027111 0.032250
0 0.588889 0.139750 0.056889 0.046500
0 0.871333 0.158500 0.044889 0.017000
0 0.995333 0.101750 0.009333 0.008500
0 0.996000 0.152125 0.008000 0.005250
0 0.992222 0.165000 0.015556 0.010500
0 0.983778 0.259500 0.032444 0.008500
0 0.994222 0.392750 0.011556 0.006500
0 0.997111 0.425000 0.005778 0.006500
0 0.982889 0.658125 0.034222 0.009750
0 0.991778 0.798250 0.016444 0.010000
0 0.987556 0.834250 0.024889 0.013000
0 0.237556 0.187500 0.035111 0.046000
0 0.332222 0.137500 0.030667 0.044500
0 0.500444 0.193250 0.030222 0.033500
0 0.572667 0.193375 0.031556 0.038250
0 0.726222 0.181875 0.096000 0.040250
0 0.852667 0.193875 0.033333 0.050750
0 0.865778 0.246500 0.066667 0.035000
0 0.802444 0.212750 0.072444 0.031000
0 0.228000 0.236625 0.058667 0.053250
0 0.353111 0.239750 0.042222 0.025500
0 0.423333 0.208125 0.058222 0.036250
0 0.414667 0.235875 0.036444 0.029250
0 0.519333 0.247125 0.044889 0.029750
0 0.705556 0.241500 0.098222 0.048500
0 0.791556 0.241125 0.077333 0.022750
0 0.190222 0.298375 0.019556 0.012750
0 0.423778 0.301375 0.064444 0.027750
0 0.482000 0.281500 0.051111 0.041000
0 0.597556 0.265375 0.044889 0.017750
0 0.590222 0.286500 0.050667 0.032000
0 0.719778 0.301375 0.068889 0.023750
0 0.788000 0.303125 0.048000 0.013750
0 0.807556 0.341875 0.071111 0.040250
0 0.865111 0.318500 0.031556 0.010500
0 0.832667 0.347250 0.042222 0.025000
0 0.883333 0.404375 0.053778 0.013750
0 0.615778 0.340375 0.062667 0.023250
0 0.779556 0.430625 0.042667 0.008250
0 0.554444 0.355500 0.055556 0.024500
0 0.278000 0.354500 0.043111 0.025000
0 0.219778 0.344750 0.075111 0.034500
0 0.154667 0.363750 0.070222 0.031500
0 0.494889 0.399000 0.025333 0.018000
0 0.714222 0.400625 0.066667 0.028750
0 0.752000 0.396125 0.014222 0.007750
0 0.605778 0.382500 0.047111 0.015000
0 0.582889 0.402250 0.052889 0.032000
0 0.637556 0.407625 0.065333 0.036250
0 0.715778 0.476625 0.019111 0.011250
0 0.610000 0.473000 0.055556 0.030000
0 0.555556 0.480000 0.074667 0.033500
0 0.344667 0.453750 0.052889 0.031000
0 0.159778 0.524875 0.057333 0.026250
0 0.252667 0.461625 0.053778 0.030750
0 0.246000 0.486250 0.057333 0.030000
0 0.338000 0.510750 0.044000 0.019000
0 0.295111 0.511500 0.071111 0.043000
0 0.426889 0.504000 0.060889 0.034000
0 0.673333 0.522375 0.111111 0.029250
0 0.821111 0.543875 0.102667 0.036250
0 0.613111 0.542875 0.039556 0.015750
0 0.496889 0.531500 0.018667 0.005500
0 0.836889 0.576375 0.046222 0.011750
0 0.758000 0.634000 0.053778 0.029500
0 0.717556 0.638625 0.083111 0.046750
0 0.617556 0.631500 0.100000 0.037000
0 0.590222 0.587875 0.045333 0.029750
0 0.570667 0.591000 0.034667 0.023000
0 0.535111 0.597875 0.057778 0.059250
0 0.457333 0.567375 0.048889 0.051750
0 0.742000 0.563375 0.043111 0.021750
0 0.701111 0.558250 0.073333 0.053000
0 0.782444 0.665500 0.088444 0.028000
0 0.890667 0.700625 0.101333 0.031750
0 0.273111 0.637250 0.117778 0.037500
0 0.166667 0.684375 0.073778 0.028250
0 0.283111 0.682750 0.061333 0.027000
0 0.422889 0.711500 0.146222 0.037500
0 0.533556 0.698000 0.084000 0.056500
0 0.609333 0.690250 0.088889 0.035500
0 0.564444 0.732750 0.024889 0.021000
0 0.733333 0.698125 0.087111 0.057750
0 0.892889 0.754500 0.082667 0.037000
0 0.847778 0.785125 0.032444 0.026750
0 0.776000 0.758250 0.141333 0.057500
0 0.781556 0.793375 0.042222 0.018250
0 0.540222 0.662750 0.044889 0.044000
0 0.462889 0.646750 0.050222 0.033000
0 0.295778 0.757625 0.068000 0.075750
0 0.194222 0.771000 0.072889 0.055500
0 0.178222 0.751625 0.064000 0.041250
0 0.398222 0.754250 0.089778 0.047000
0 0.509556 0.807875 0.080444 0.117250
0 0.513778 0.829375 0.085333 0.080750
0 0.644444 0.781875 0.081778 0.077250
0 0.596667 0.801625 0.079556 0.037250
0 0.220444 0.841625 0.104000 0.080250
0 0.205333 0.876000 0.019556 0.020500
0 0.251111 0.954250 0.099556 0.091500
0 0.316889 0.906625 0.136000 0.114750
0 0.394667 0.904000 0.076444 0.130500
0 0.405333 0.926875 0.068444 0.069750
0 0.540222 0.932625 0.060889 0.087250
0 0.498000 0.944375 0.039556 0.111250
0 0.632222 0.928000 0.097333 0.096500
0 0.734222 0.946000 0.070222 0.092000
0 0.687556 0.876375 0.137778 0.074750
0 0.714444 0.876875 0.100889 0.081750
0 0.805333 0.884250 0.064889 0.048500
0 0.933778 0.933625 0.132444 0.090750
0 0.848889 0.865125 0.096000 0.057750
0 0.874889 0.852875 0.103556 0.084750
0 0.343333 0.793000 0.054667 0.049500